0.020404020202 1.21973830564e-32
0.019404020202 9.9509978751e-33
0.018404020202 1.20901526424e-32
0.017404020202 5.09352445687e-09
0.016404020202 1.68530984895e-09
0.015404020202 1.00692052711e-07
0.014404020202 3.92381761457e-06
0.013404020202 2.61634338117e-05
0.012404020202 7.61265667544e-05
0.011404020202 0.000184626569227
0.010404020202 0.000288495037668
0.1 1.0202010101
0.0216665833333 7.83535264876e-33
0.0206665833333 5.75922695515e-33
0.0196665833333 9.54388128744e-33
0.0186665833333 1.47369859895e-32
0.0176665833333 1.65843763372e-07
0.0166665833333 1.17037945819e-13
0.0156665833333 1.40607329604e-06
0.0146665833333 3.71087157032e-05
0.0136665833333 3.68210727848e-05
0.0126665833333 1.51430899644e-05
0.0116665833333 8.17075613636e-05
0.0106665833333 0.000186800874353
0.2 1.08332916667
0.0239558461538 4.03504560798e-33
0.0229558461538 3.97939358349e-33
0.0219558461538 7.81068598909e-33
0.0209558461538 8.47212343873e-33
0.0199558461538 5.22016304858e-33
0.0189558461538 7.86221554043e-33
0.0179558461538 1.04997024081e-32
0.0169558461538 1.26522735335e-06
0.0159558461538 6.91565454394e-07
0.0149558461538 3.74146433293e-06
0.0139558461538 7.61182496709e-06
0.0129558461538 3.94451318815e-05
0.0119558461538 0.000221551119799
0.0109558461538 0.000121984622457
0.3 1.19779230769
0.0276186666667 2.29172120321e-33
0.0266186666667 3.00748027343e-33
0.0256186666667 4.31129527278e-33
0.0246186666667 6.70169402072e-33
0.0236186666667 5.8238941375e-33
0.0226186666667 6.16769271572e-33
0.0216186666667 5.06464467255e-33
0.0206186666667 4.36717314437e-33
0.0196186666667 1.97612219911e-32
0.0186186666667 1.49320442982e-32
0.0176186666667 1.39489289077e-32
0.0166186666667 7.98620608836e-07
0.0156186666667 5.96611388581e-06
0.0146186666667 5.63859543785e-06
0.0136186666667 6.3813260493e-05
0.0126186666667 8.15777653445e-05
0.0116186666667 7.64855645437e-05
0.0106186666667 0.000147853965672
0.4 1.38093333333
0.015 1.02017623205e-05
0.0145 8.28363249881e-06
0.014 2.56994116856e-05
0.0135 2.73224822988e-05
0.013 3.56019101698e-05
0.0125 4.55466553576e-05
0.012 7.68550424256e-05
0.0115 0.000115316915388
0.011 0.000154291609779
0.0105 0.000185954392953
0.01 0.000196436580068
0.1 1.0202010101
0.015 2.1404322541e-05
0.0145 1.39180523775e-05
0.014 4.79670344383e-05
0.0135 3.03756235761e-05
0.013 5.63320293985e-05
0.0125 3.70974027275e-05
0.012 5.97827678469e-05
0.0115 0.000122527106067
0.011 0.000208196867293
0.0105 0.000149618386209
0.01 0.000170939104302
0.15 1.04603350384
0.015 3.35572656322e-06
0.0145 1.98335686706e-05
0.014 4.32879284501e-05
0.0135 2.55199926857e-05
0.013 4.89312025979e-05
0.0125 5.20940212465e-05
0.012 6.99475166968e-05
0.0115 9.83794794855e-05
0.011 9.06913559695e-05
0.0105 0.000196720555516
0.01 0.000190479467741
0.2 1.08332916667
0.015 5.19550850988e-06
0.0145 1.15216233668e-05
0.014 1.99636139834e-05
0.0135 2.28822870745e-05
0.013 4.04237267232e-05
0.0125 2.80620780632e-05
0.012 5.33850909539e-05
0.0115 8.61047767564e-05
0.011 7.42325970698e-05
0.0105 0.000183918455808
0.25 1.13332666667
