-4.0 62.0931225929
-3.9 61.5961346111
-3.8 61.0994598646
-3.7 60.610224015
-3.6 60.1275124143
-3.5 59.645403372
-3.4 59.1652903387
-3.3 58.6960360149
-3.2 58.2281504184
-3.1 57.7602972754
-3.0 57.2936068944
-2.9 56.8288058297
-2.8 56.3673944563
-2.7 55.9113703052
-2.6 55.4630705365
-2.5 55.0186518203
-2.4 54.5776028366
-2.3 54.1373859191
-2.2 53.701579275
-2.1 53.2779252231
-2.0 52.8559881464
-1.9 52.4410349158
-1.8 52.0434092553
-1.7 51.6524848715
-1.6 51.2640050478
-1.5 50.877466223
-1.4 50.4997804791
-1.3 50.127942663
-1.2 49.7629314992
-1.1 49.4036658837
-1.0 49.0484277699
-0.9 48.7088431364
-0.8 48.375886536
-0.7 48.0654659197
-0.6 47.7770420641
-0.5 47.502779786
-0.4 47.2304714664
-0.3 46.9789123279
-0.2 46.7412422543
-0.1 46.5159623555
2.41473507856e-15 46.3009572951
0.1 46.0934131396
0.2 45.8965709204
0.3 45.716431546
0.4 45.5389100779
0.5 45.363214096
0.6 45.1981503288
0.7 45.0512681091
0.8 44.9070810163
0.9 44.7669628282
1.0 44.6364251259
1.1 44.5520498853
1.2 44.5043485083
1.3 44.4899008541
1.4 44.4770031321
1.5 44.5011076342
1.6 44.5775234029
1.7 44.6747198544
1.8 44.7881075793
1.9 44.9092043821
2.0 45.0331558365
2.1 45.1808191123
2.2 45.3481918275
2.3 45.5394501413
2.4 45.7434378982
2.5 45.9529705222
2.6 46.1692409251
2.7 46.402180502
2.8 46.6439670926
2.9 46.891632528
3.0 47.1422688835
3.1 47.3977475181
3.2 47.6610217314
3.3 47.925516559
3.4 48.1960681621
3.5 48.4816054441
3.6 48.7806754336
3.7 49.0862092837
3.8 49.4003622008
3.9 49.7180376127
4.0 50.0442770115
1.00199806166 1.00199806166