-4.0 122.874009903
-3.9 120.841750132
-3.8 118.819240384
-3.7 116.8060743
-3.6 114.794790592
-3.5 112.786464505
-3.4 110.788124917
-3.3 108.796164678
-3.2 106.810312889
-3.1 104.828104112
-3.0 102.856724653
-2.9 100.890308142
-2.8 98.94191854
-2.7 97.0099515666
-2.6 95.0846006887
-2.5 93.1592525843
-2.4 91.2341916628
-2.3 89.3145491207
-2.2 87.4011230108
-2.1 85.5257178534
-2.0 83.6764883079
-1.9 81.848711031
-1.8 80.0322976584
-1.7 78.2309656733
-1.6 76.4648239131
-1.5 74.7167240645
-1.4 72.9967012241
-1.3 71.2948172775
-1.2 69.5993418381
-1.1 67.9210354673
-1.0 66.2784020142
-0.9 64.6494578067
-0.8 63.0462761164
-0.7 61.4706407446
-0.6 60.0041197396
-0.5 58.5881375477
-0.4 57.1959068705
-0.3 55.8346053648
-0.2 54.4877402085
-0.1 53.1511414931
2.41473507856e-15 51.8147524096
0.1 53.4764759606
0.2 55.1382030736
0.3 56.8779530591
0.4 58.6556246251
0.5 60.4404451792
0.6 62.2323591332
0.7 64.0442266328
0.8 65.9053610369
0.9 67.8400180682
1.0 69.8108109502
1.1 71.8076584512
1.2 73.8384333165
1.3 75.8733154085
1.4 77.9161351966
1.5 79.9618073952
1.6 82.0143969839
1.7 84.0761655917
1.8 86.1452691315
1.9 88.2341053997
2.0 90.3388257216
2.1 92.4597800883
2.2 94.5878745483
2.3 96.7275866333
2.4 98.8772239197
2.5 101.029811493
2.6 103.193790639
2.7 105.364771447
2.8 107.543048627
2.9 109.731665923
3.0 111.929865131
3.1 114.135647728
3.2 116.344597489
3.3 118.557404332
3.4 120.778206009
3.5 123.008317663
3.6 125.244691105
3.7 127.486579787
3.8 129.736808351
3.9 131.991658609
4.0 134.246836955
-6.54609948804e-10 -6.54609948804e-10