-4.0 57.8519665888
-3.9 57.3400032449
-3.8 56.8335524325
-3.7 56.3320299361
-3.6 55.8336534208
-3.5 55.3442834338
-3.4 54.8586050484
-3.3 54.3784375382
-3.2 53.9017800116
-3.1 53.4285954069
-3.0 52.9601178551
-2.9 52.5191878914
-2.8 52.1096298153
-2.7 51.7056972106
-2.6 51.3039355064
-2.5 50.9038415822
-2.4 50.5115010846
-2.3 50.1305089072
-2.2 49.7544004838
-2.1 49.3915148321
-2.0 49.0537440997
-1.9 48.731235711
-1.8 48.4133865813
-1.7 48.1109544482
-1.6 47.8365250829
-1.5 47.5735802152
-1.4 47.3177836043
-1.3 47.0807867075
-1.2 46.8521507186
-1.1 46.6413676891
-1.0 46.4370360981
-0.9 46.2663988172
-0.8 46.1297188866
-0.7 46.0013466279
-0.6 45.8924143382
-0.5 45.785138664
-0.4 45.6811597619
-0.3 45.602100279
-0.2 45.5889849718
-0.1 45.6056307771
2.41473507856e-15 45.6363628307
0.1 45.6777249116
0.2 45.7248337684
0.3 45.8001008888
0.4 45.8854662334
0.5 45.9943736679
0.6 46.1092058773
0.7 46.2252323268
0.8 46.3476417082
0.9 46.4937156246
1.0 46.6774128059
1.1 46.8666782804
1.2 47.0737628797
1.3 47.2974220255
1.4 47.5326182583
1.5 47.7964974505
1.6 48.0700709626
1.7 48.349595009
1.8 48.634935672
1.9 48.941102499
2.0 49.2686797626
2.1 49.6064784475
2.2 49.955612773
2.3 50.3057362242
2.4 50.6731082994
2.5 51.0483363701
2.6 51.438227422
2.7 51.8338190529
2.8 52.2349175748
2.9 52.6374542204
3.0 53.0414636663
3.1 53.4454733197
3.2 53.8497851771
3.3 54.2548517572
3.4 54.6620336085
3.5 55.0760524172
3.6 55.4913805059
3.7 55.9342440973
3.8 56.3959405323
3.9 56.8700829607
4.0 57.346442253
-7.79428799215e-10 -7.79428799215e-10