-4.0 103.436921469
-3.9 101.990021218
-3.8 100.554627299
-3.7 99.1337182421
-3.6 97.7137298726
-3.5 96.2948181601
-3.4 94.879844669
-3.3 93.4670965451
-3.2 92.0568399781
-3.1 90.6474057029
-3.0 89.2382794254
-2.9 87.8365587872
-2.8 86.443531023
-2.7 85.0516456069
-2.6 83.6697171839
-2.5 82.2926218104
-2.4 80.9192284643
-2.3 79.5468487349
-2.2 78.1850515674
-2.1 76.841857471
-2.0 75.5071244139
-1.9 74.179134655
-1.8 72.8563376449
-1.7 71.5401055427
-1.6 70.2264504092
-1.5 68.9176170594
-1.4 67.6142393889
-1.3 66.3253330716
-1.2 65.0594661326
-1.1 63.8091162502
-1.0 62.6165424121
-0.9 61.4738758242
-0.8 60.3446693169
-0.7 59.2447950847
-0.6 58.1514842875
-0.5 57.0586164539
-0.4 55.9856624268
-0.3 54.9372122811
-0.2 53.894049125
-0.1 52.8543989838
2.41473507856e-15 51.8147523096
0.1 53.0143736596
0.2 54.2157752837
0.3 55.4274248284
0.4 56.642456857
0.5 57.8654190422
0.6 59.1081968676
0.7 60.3560361046
0.8 61.6093900423
0.9 62.8643337677
1.0 64.1288079418
1.1 65.454425107
1.2 66.8116887851
1.3 68.223972797
1.4 69.6595483028
1.5 71.1002850974
1.6 72.5470362632
1.7 73.9969518498
1.8 75.4490681425
1.9 76.908417096
2.0 78.3711088416
2.1 79.8416779352
2.2 81.3189329426
2.3 82.7992118357
2.4 84.2834996152
2.5 85.7782519603
2.6 87.2811463108
2.7 88.7963201172
2.8 90.3136520365
2.9 91.8341924995
3.0 93.3575948426
3.1 94.8810815838
3.2 96.4046415289
3.3 97.9284682115
3.4 99.4537796423
3.5 100.982247222
3.6 102.513555644
3.7 104.046092593
3.8 105.581782615
3.9 107.119420731
4.0 108.659252496
-1.89668483356e-10 -1.89668483356e-10