-4.0 112.049384464
-3.9 110.295456862
-3.8 108.562388071
-3.7 106.853137591
-3.6 105.156876699
-3.5 103.462791361
-3.4 101.775559523
-3.3 100.092762969
-3.2 98.4115678544
-3.1 96.7400256985
-3.0 95.0840792859
-2.9 93.4422378389
-2.8 91.8125243967
-2.7 90.1877228414
-2.6 88.5686118633
-2.5 86.9519107368
-2.4 85.3549610827
-2.3 83.7795605107
-2.2 82.2279566778
-2.1 80.7044741896
-2.0 79.2016610981
-1.9 77.7161092
-1.8 76.2391840455
-1.7 74.7858323561
-1.6 73.3455300614
-1.5 71.9211005013
-1.4 70.5067142192
-1.3 69.1013517687
-1.2 67.7037581189
-1.1 66.3113021377
-1.0 64.922877616
-0.9 63.5457576585
-0.8 62.1773948298
-0.7 60.8206677099
-0.6 59.4742490734
-0.5 58.1439067119
-0.4 56.8485088041
-0.3 55.5700308925
-0.2 54.2915530211
-0.1 53.0279251008
2.41473507856e-15 51.814752295
0.1 53.2036495544
0.2 54.5925502319
0.3 55.9868930801
0.4 57.4289883291
0.5 58.8748666515
0.6 60.3253427323
0.7 61.77853219
0.8 63.2367512286
0.9 64.7013967317
1.0 66.1789081121
1.1 67.6626380612
1.2 69.1576304313
1.3 70.6643060991
1.4 72.1766262564
1.5 73.6961549807
1.6 75.2254978464
1.7 76.7741598034
1.8 78.3357531785
1.9 79.9035720066
2.0 81.4857034952
2.1 83.0838309773
2.2 84.6833673285
2.3 86.3083334953
2.4 87.9637826444
2.5 89.6235416746
2.6 91.2999602713
2.7 92.9970202767
2.8 94.7028841508
2.9 96.4126963598
3.0 98.1268821606
3.1 99.8413185066
3.2 101.561247462
3.3 103.287169117
3.4 105.017583953
3.5 106.751774663
3.6 108.487369471
3.7 110.227263693
3.8 111.973750705
3.9 113.726981382
4.0 115.491370625
-3.41404542346e-10 -3.41404542346e-10