-4.0 106.83778042
-3.9 105.294298796
-3.8 103.752348483
-3.7 102.21972155
-3.6 100.691040517
-3.5 99.1653198413
-3.4 97.6444114408
-3.3 96.1264527024
-3.2 94.6189300669
-3.1 93.1222364923
-3.0 91.6305587853
-2.9 90.1401560413
-2.8 88.6517420313
-2.7 87.1654202696
-2.6 85.6799816596
-2.5 84.1951535727
-2.4 82.7129525888
-2.3 81.2446083762
-2.2 79.7817492524
-2.1 78.3299530513
-2.0 76.9024938354
-1.9 75.4960645412
-1.8 74.1040458616
-1.7 72.7386196021
-1.6 71.3954452225
-1.5 70.0676020316
-1.4 68.7627853816
-1.3 67.4634372356
-1.2 66.1752718624
-1.1 64.8911280535
-1.0 63.6185919721
-0.9 62.3778735498
-0.8 61.1626989101
-0.7 59.9479072045
-0.6 58.7332659287
-0.5 57.51904648
-0.4 56.3068790807
-0.3 55.1202879724
-0.2 54.0042329967
-0.1 52.9094531598
2.41473507856e-15 51.8147523269
0.1 53.0624589271
0.2 54.3101689751
0.3 55.557879071
0.4 56.8067303746
0.5 58.0586101318
0.6 59.337979278
0.7 60.6187875414
0.8 61.9012437824
0.9 63.1968182437
1.0 64.5157651645
1.1 65.8488407334
1.2 67.1986172569
1.3 68.5526950933
1.4 69.9104091989
1.5 71.2721770107
1.6 72.6380514389
1.7 74.0122390861
1.8 75.3896980416
1.9 76.7750677191
2.0 78.1658145688
2.1 79.5569659093
2.2 80.9481491729
2.3 82.3393324222
2.4 83.7311130087
2.5 85.124107184
2.6 86.5201137881
2.7 87.9189109253
2.8 89.3185862367
2.9 90.7183009481
3.0 92.119048883
3.1 93.5270171878
3.2 94.9405545448
3.3 96.3569877302
3.4 97.7737729012
3.5 99.1906794996
3.6 100.612600643
3.7 102.05714467
3.8 103.508880617
3.9 104.964674408
4.0 106.42914349
-1.15129009244e-10 -1.15129009244e-10