-4.0 59.2765537825
-3.9 58.9361369973
-3.8 58.5998567167
-3.7 58.2638652126
-3.6 57.9280272232
-3.5 57.59408103
-3.4 57.2603221898
-3.3 56.927005393
-3.2 56.5983218987
-3.1 56.2724513041
-3.0 55.9465819422
-2.9 55.6207103441
-2.8 55.2948401816
-2.7 54.9689701359
-2.6 54.6448402564
-2.5 54.3216533107
-2.4 53.9984660254
-2.3 53.6752790386
-2.2 53.3520918301
-2.1 53.0289884703
-2.0 52.7085083991
-1.9 52.395129445
-1.8 52.0841438806
-1.7 51.7735298614
-1.6 51.4648457608
-1.5 51.1564345732
-1.4 50.8492366119
-1.3 50.546067109
-1.2 50.2466470261
-1.1 49.9485886672
-1.0 49.6632436715
-0.9 49.3907836554
-0.8 49.1253582815
-0.7 48.8695828635
-0.6 48.6185618999
-0.5 48.3709960981
-0.4 48.1260596874
-0.3 47.8817990996
-0.2 47.6375485864
-0.1 47.3942227501
2.41473507856e-15 47.1516125521
0.1 46.9140569977
0.2 46.6783795928
0.3 46.4489739266
0.4 46.2276849362
0.5 46.0119119385
0.6 45.7979371689
0.7 45.5858449731
0.8 45.385879028
0.9 45.1927601262
1.0 45.0049206799
1.1 44.817636485
1.2 44.6324024017
1.3 44.4609519729
1.4 44.3086060657
1.5 44.1648020172
1.6 44.0404045347
1.7 43.9376305286
1.8 43.8490486999
1.9 43.770059364
2.0 43.6933879915
2.1 43.6356161282
2.2 43.5808679801
2.3 43.5518460778
2.4 43.5334193167
2.5 43.532794364
2.6 43.5550916139
2.7 43.5844709154
2.8 43.6238310273
2.9 43.6668966695
3.0 43.7129161874
3.1 43.7609488093
3.2 43.8178918824
3.3 43.8870168098
3.4 43.9758878211
3.5 44.0760074006
3.6 44.1832954435
3.7 44.3025820938
3.8 44.4288427935
3.9 44.5582380144
4.0 44.6911365901
1.64849942468 1.64849942468