-4.0 48.0932458927
-3.9 47.8927969851
-3.8 47.6935265255
-3.7 47.5016355915
-3.6 47.3200207467
-3.5 47.1462915479
-3.4 46.9729206206
-3.3 46.8011820353
-3.2 46.6355391768
-3.1 46.4787101103
-3.0 46.3280064589
-2.9 46.1836968249
-2.8 46.0443155073
-2.7 45.9139765247
-2.6 45.787530798
-2.5 45.6647554651
-2.4 45.5589963371
-2.3 45.4796102845
-2.2 45.4144781753
-2.1 45.3614032393
-2.0 45.3282431997
-1.9 45.2983830012
-1.8 45.268522426
-1.7 45.2388716001
-1.6 45.2094752213
-1.5 45.2066390794
-1.4 45.2110380134
-1.3 45.2178337397
-1.2 45.2291266834
-1.1 45.2464246283
-1.0 45.2678948964
-0.9 45.2921032364
-0.8 45.3184265572
-0.7 45.3458183664
-0.6 45.374113285
-0.5 45.4128564848
-0.4 45.4557006204
-0.3 45.5002155477
-0.2 45.5452125912
-0.1 45.5902824472
2.41473507856e-15 45.6363628261
0.1 45.6890213532
0.2 45.7452514242
0.3 45.8144462844
0.4 45.8902997794
0.5 45.9682215676
0.6 46.0562919388
0.7 46.1558854447
0.8 46.2593646968
0.9 46.3665093546
1.0 46.480236963
1.1 46.5948881471
1.2 46.7096352933
1.3 46.8260618257
1.4 46.9549788324
1.5 47.0990818379
1.6 47.264646574
1.7 47.4427092023
1.8 47.6474492738
1.9 47.8682105718
2.0 48.0946958343
2.1 48.3262732852
2.2 48.5602284252
2.3 48.7943638201
2.4 49.0316994241
2.5 49.2741109021
2.6 49.5286763405
2.7 49.7916338844
2.8 50.0598229295
2.9 50.3291480516
3.0 50.5994857437
3.1 50.8731226212
3.2 51.1490596965
3.3 51.4263877387
3.4 51.7039356551
3.5 51.983588576
3.6 52.2633222093
3.7 52.5492717885
3.8 52.8443292407
3.9 53.1585184552
4.0 53.4795523837
-1.23393976803e-09 -1.23393976803e-09