-4.0 120.981385117
-3.9 119.413174729
-3.8 117.849761029
-3.7 116.300676706
-3.6 114.763738259
-3.5 113.23008768
-3.4 111.704706578
-3.3 110.180603426
-3.2 108.662754587
-3.1 107.152973696
-3.0 105.656153268
-2.9 104.166402495
-2.8 102.703208412
-2.7 101.266333727
-2.6 99.8414794579
-2.5 98.4261154725
-2.4 97.0173273671
-2.3 95.6197460035
-2.2 94.2338829921
-2.1 92.8561668277
-2.0 91.4867321795
-1.9 90.1205593808
-1.8 88.7578579124
-1.7 87.3975844873
-1.6 86.0412364558
-1.5 84.6898481489
-1.4 83.3397299184
-1.3 81.9965191466
-1.2 80.6573058203
-1.1 79.3226881493
-1.0 77.9891413474
-0.9 76.6626849455
-0.8 75.3504133126
-0.7 74.0432628565
-0.6 72.7367591453
-0.5 71.4361844662
-0.4 70.1414258724
-0.3 68.8488052811
-0.2 67.5561983118
-0.1 66.2636395322
2.41473507856e-15 64.9717901587
0.1 63.6807067166
0.2 62.3934297845
0.3 61.1152540141
0.4 59.8468112559
0.5 58.6000527752
0.6 57.366965015
0.7 56.1338772611
0.8 54.9025302652
0.9 53.6987152288
1.0 52.518813095
1.1 51.3389107995
1.2 51.1395606275
1.3 52.2831316445
1.4 53.4267026583
1.5 54.5713415503
1.6 55.7233439387
1.7 56.8902343105
1.8 58.0686639705
1.9 59.2571341346
2.0 60.463130147
2.1 61.6891264982
2.2 62.9225780152
2.3 64.1686443372
2.4 65.4226418692
2.5 66.6815656639
2.6 67.9485431861
2.7 69.220788399
2.8 70.4968813599
2.9 71.777632385
3.0 73.0589018271
3.1 74.3402492365
3.2 75.6235205604
3.3 76.9099482356
3.4 78.1998781184
3.5 79.4962956286
3.6 80.7967805337
3.7 82.1010664384
3.8 83.4133322711
3.9 84.7434386001
4.0 86.095209022
1.15779800399 1.15779800399