-4.0 51.2701854577
-3.9 50.9417764089
-3.8 50.6181352359
-3.7 50.296055194
-3.6 49.9842703119
-3.5 49.6761656676
-3.4 49.3718043934
-3.3 49.0826907943
-3.2 48.800770952
-3.1 48.5310823431
-3.0 48.2666336676
-2.9 48.0132892014
-2.8 47.7722753925
-2.7 47.5325782653
-2.6 47.3007536964
-2.5 47.086150739
-2.4 46.8962905277
-2.3 46.7189034462
-2.2 46.5565210545
-2.1 46.4008783876
-2.0 46.2489716653
-1.9 46.0993938834
-1.8 45.9538710952
-1.7 45.812547392
-1.6 45.6770096128
-1.5 45.545143701
-1.4 45.4310350548
-1.3 45.3312340904
-1.2 45.2510310638
-1.1 45.1902609112
-1.0 45.175110617
-0.9 45.1823117428
-0.8 45.1915234899
-0.7 45.2092776675
-0.6 45.2280775467
-0.5 45.249872248
-0.4 45.2850332416
-0.3 45.3520927287
-0.2 45.4366429415
-0.1 45.5604536946
2.41473507856e-15 45.7027316181
0.1 45.8524514571
0.2 46.0065673935
0.3 46.1782759254
0.4 46.364771782
0.5 46.5536363544
0.6 46.7455380597
0.7 46.9375596873
0.8 47.1297310244
0.9 47.324153907
1.0 47.5186591341
1.1 47.7139396895
1.2 47.9125205283
1.3 48.1227995816
1.4 48.3361960465
1.5 48.5504120685
1.6 48.768703582
1.7 48.9936767427
1.8 49.2267811043
1.9 49.4843595059
2.0 49.7561448225
2.1 50.0508403375
2.2 50.3455924225
2.3 50.6425484715
2.4 50.9476655701
2.5 51.2882535139
2.6 51.641033992
2.7 52.002928747
2.8 52.3676789213
2.9 52.7411722398
3.0 53.1170565776
3.1 53.4997966459
3.2 53.8946689276
3.3 54.3031352096
3.4 54.7224492581
3.5 55.1499302057
3.6 55.5842262242
3.7 56.0196172764
3.8 56.4550385526
3.9 56.8918738519
4.0 57.3315597542
-0.203516874552 -0.203516874552