-4.0 55.5752230287
-3.9 55.2100824813
-3.8 54.8460671265
-3.7 54.4851134843
-3.6 54.1294650465
-3.5 53.7775617412
-3.4 53.4294958067
-3.3 53.0817471608
-3.2 52.7343985553
-3.1 52.3890248913
-3.0 52.0464410702
-2.9 51.7065964601
-2.8 51.3787492332
-2.7 51.061892804
-2.6 50.7541614773
-2.5 50.4543063449
-2.4 50.1611261582
-2.3 49.8740360528
-2.2 49.600144388
-2.1 49.3342282414
-2.0 49.0708261566
-1.9 48.8118133136
-1.8 48.556682241
-1.7 48.3042300741
-1.6 48.0532189773
-1.5 47.8029120846
-1.4 47.5591633256
-1.3 47.3373161785
-1.2 47.1345018867
-1.1 46.9510971048
-1.0 46.7794275761
-0.9 46.6203737086
-0.8 46.4775167371
-0.7 46.3412398137
-0.6 46.2190841011
-0.5 46.1030579006
-0.4 45.9936318274
-0.3 45.8914156324
-0.2 45.7969482554
-0.1 45.711914528
2.41473507856e-15 45.6363628408
0.1 45.5660871292
0.2 45.4987806624
0.3 45.4392903991
0.4 45.3815999864
0.5 45.3250642324
0.6 45.2794968931
0.7 45.2360756575
0.8 45.1942018664
0.9 45.155220975
1.0 45.1330434806
1.1 45.1462907124
1.2 45.1884894897
1.3 45.2443113265
1.4 45.3101665753
1.5 45.3804509962
1.6 45.4622533269
1.7 45.5513892352
1.8 45.6472839968
1.9 45.7653496461
2.0 45.8888842417
2.1 46.0296269527
2.2 46.1764003734
2.3 46.3255107307
2.4 46.4773692395
2.5 46.6324210203
2.6 46.7891739796
2.7 46.9735768143
2.8 47.1877652517
2.9 47.4367291281
3.0 47.6912328181
3.1 47.9749215068
3.2 48.2639803326
3.3 48.5565517676
3.4 48.8562532115
3.5 49.1573007721
3.6 49.4637076361
3.7 49.787611908
3.8 50.1416181577
3.9 50.5120026933
4.0 50.889838937
2.99941176428e-09 2.99941176428e-09