-4.0 114.624757405
-3.9 112.887535416
-3.8 111.157036154
-3.7 109.452579781
-3.6 107.762810313
-3.5 106.079236411
-3.4 104.396334539
-3.3 102.713714565
-3.2 101.036642252
-3.1 99.3846603313
-3.0 97.7455484425
-2.9 96.1172166321
-2.8 94.4911139685
-2.7 92.8712110909
-2.6 91.2541415878
-2.5 89.6386942739
-2.4 88.0252005211
-2.3 86.4152319517
-2.2 84.8092638277
-2.1 83.2109664283
-2.0 81.6213787957
-1.9 80.0477833699
-1.8 78.4911969891
-1.7 76.9427856579
-1.6 75.4016925086
-1.5 73.861365866
-1.4 72.3232012671
-1.3 70.7903263341
-1.2 69.2639985263
-1.1 67.742741826
-1.0 66.2231461914
-0.9 64.705095472
-0.8 63.196573708
-0.7 61.70680815
-0.6 60.2446176641
-0.5 58.8006119792
-0.4 57.3700918719
-0.3 55.9507577387
-0.2 54.5653539926
-0.1 53.1900514514
2.41473507856e-15 51.814752441
0.1 52.9551128258
0.2 54.095476805
0.3 55.2358408571
0.4 56.3768454597
0.5 57.5763784169
0.6 58.8303779772
0.7 60.1084406589
0.8 61.4288294621
0.9 62.778163436
1.0 64.1347651337
1.1 65.5028074783
1.2 66.8823716735
1.3 68.2677465357
1.4 69.6544851756
1.5 71.0481004046
1.6 72.4419578219
1.7 73.840468359
1.8 75.2472246095
1.9 76.6716187495
2.0 78.1232029709
2.1 79.5849014162
2.2 81.0526728502
2.3 82.5308368767
2.4 84.0222039374
2.5 85.5247889454
2.6 87.0338892917
2.7 88.5602065285
2.8 90.0972894176
2.9 91.6475177122
3.0 93.2036058782
3.1 94.7625462866
3.2 96.3285892106
3.3 97.9103422195
3.4 99.4964969897
3.5 101.096400972
3.6 102.710177772
3.7 104.325596416
3.8 105.942497213
3.9 107.565618149
4.0 109.197579608
2.85176084987e-10 2.85176084987e-10