-4.0 54.6602191726
-3.9 54.2581476118
-3.8 53.8624263242
-3.7 53.4693642708
-3.6 53.0800940264
-3.5 52.6963890149
-3.4 52.3181023186
-3.3 51.9449427007
-3.2 51.5781879631
-3.1 51.216240595
-3.0 50.8621362907
-2.9 50.514857556
-2.8 50.1750558761
-2.7 49.8457625674
-2.6 49.5268175529
-2.5 49.2094126182
-2.4 48.9385317948
-2.3 48.6766706736
-2.2 48.4148101065
-2.1 48.1585776676
-2.0 47.9188897876
-1.9 47.6900030664
-1.8 47.4767920925
-1.7 47.2697069626
-1.6 47.071984576
-1.5 46.9038243506
-1.4 46.7522443085
-1.3 46.6136296156
-1.2 46.4771799481
-1.1 46.3462548881
-1.0 46.2240359996
-0.9 46.1082131724
-0.8 46.0139907762
-0.7 45.9286547681
-0.6 45.8490877198
-0.5 45.7820648834
-0.4 45.7298643194
-0.3 45.700442076
-0.2 45.676367656
-0.1 45.6558369447
2.41473507856e-15 45.6363628262
0.1 45.6471918232
0.2 45.6907613065
0.3 45.7615181253
0.4 45.8466479645
0.5 45.9352778947
0.6 46.0313693845
0.7 46.1375830259
0.8 46.2541860397
0.9 46.3864627752
1.0 46.5245322313
1.1 46.6716226487
1.2 46.8273686817
1.3 46.9881060885
1.4 47.1554704343
1.5 47.3297823876
1.6 47.5062870813
1.7 47.6850339495
1.8 47.8738947575
1.9 48.0759617127
2.0 48.2784503336
2.1 48.4811769266
2.2 48.6864275258
2.3 48.8939020064
2.4 49.1139840368
2.5 49.3405663902
2.6 49.5766120016
2.7 49.8150532121
2.8 50.0578055408
2.9 50.3023419175
3.0 50.5539231713
3.1 50.8065976341
3.2 51.0601307674
3.3 51.3185771909
3.4 51.5985871111
3.5 51.881308992
3.6 52.1715908013
3.7 52.4668736659
3.8 52.7659640952
3.9 53.0658976003
4.0 53.3681320889
2.14381933414e-10 2.14381933414e-10