-4.0 57.7919789446
-3.9 57.2740129591
-3.8 56.7567484308
-3.7 56.2411498833
-3.6 55.7332293752
-3.5 55.2293742251
-3.4 54.7275547699
-3.3 54.2282476488
-3.2 53.7499019586
-3.1 53.2959079199
-3.0 52.8524358588
-2.9 52.4131856325
-2.8 51.9767722251
-2.7 51.5429594653
-2.6 51.1194109299
-2.5 50.7194074591
-2.4 50.3238866226
-2.3 49.9399679327
-2.2 49.5709790973
-2.1 49.2058484399
-2.0 48.8574884022
-1.9 48.532913626
-1.8 48.2356527079
-1.7 47.9433599033
-1.6 47.677439184
-1.5 47.4493241867
-1.4 47.2271070397
-1.3 47.0167091756
-1.2 46.8299943165
-1.1 46.6568583673
-1.0 46.4904997623
-0.9 46.3260916852
-0.8 46.170477719
-0.7 46.0342996745
-0.6 45.9244219265
-0.5 45.8375430226
-0.4 45.7650448545
-0.3 45.6959136004
-0.2 45.6522321871
-0.1 45.6367589581
2.41473507856e-15 45.6363628303
0.1 45.6636868335
0.2 45.7032918596
0.3 45.7570965156
0.4 45.823334542
0.5 45.9056267081
0.6 45.9894342836
0.7 46.0744805125
0.8 46.1675474631
0.9 46.2612827486
1.0 46.3624728357
1.1 46.4822803549
1.2 46.6138846856
1.3 46.7525899938
1.4 46.8928195966
1.5 47.0466718618
1.6 47.2111367592
1.7 47.3770892924
1.8 47.5432141632
1.9 47.7108762018
2.0 47.9256522875
2.1 48.1453418425
2.2 48.3769365582
2.3 48.6219143194
2.4 48.87212643
2.5 49.1290956152
2.6 49.3951316149
2.7 49.6644420295
2.8 49.9398304205
2.9 50.2199454299
3.0 50.5028620944
3.1 50.786839956
3.2 51.0734042762
3.3 51.3776854671
3.4 51.6886122849
3.5 52.0064533811
3.6 52.326139777
3.7 52.6692860826
3.8 53.0277651255
3.9 53.3961153502
4.0 53.7800205127
-3.06200303599e-10 -3.06200303599e-10