-4.0 104.210476251
-3.9 102.715208017
-3.8 101.222335684
-3.7 99.7351808113
-3.6 98.2814912644
-3.5 96.8442143228
-3.4 95.4198545879
-3.3 94.0151666564
-3.2 92.6330899129
-3.1 91.2515825222
-3.0 89.8703113154
-2.9 88.4897578653
-2.8 87.1105269566
-2.7 85.7360924793
-2.6 84.3649914999
-2.5 83.0008700082
-2.4 81.6511931243
-2.3 80.3045386428
-2.2 78.9667221272
-2.1 77.6335691279
-2.0 76.3012938634
-1.9 74.9761395335
-1.8 73.6549713713
-1.7 72.336814636
-1.6 71.0252466003
-1.5 69.7296555154
-1.4 68.440836143
-1.3 67.1567968744
-1.2 65.8876756044
-1.1 64.6288519545
-1.0 63.3803535124
-0.9 62.1323015985
-0.8 60.8901790142
-0.7 59.6892282887
-0.6 58.5215825144
-0.5 57.3581204418
-0.4 56.2055907568
-0.3 55.0714860688
-0.2 53.9820292397
-0.1 52.8983890362
2.41473507856e-15 51.8147523428
0.1 52.9139381578
0.2 54.0131274278
0.3 55.1123167169
0.4 56.2127221713
0.5 57.3149129938
0.6 58.4398226954
0.7 59.5849013666
0.8 60.7517413824
0.9 61.9269194763
1.0 63.1076284573
1.1 64.2935163379
1.2 65.4826575849
1.3 66.6811542791
1.4 67.8992238034
1.5 69.1282062263
1.6 70.3720681217
1.7 71.6304549239
1.8 72.8944807317
1.9 74.1770363265
2.0 75.4822720574
2.1 76.7973587925
2.2 78.1226435791
2.3 79.4602055145
2.4 80.8176616078
2.5 82.1858264282
2.6 83.5641617192
2.7 84.9477135624
2.8 86.3390696377
2.9 87.7414663743
3.0 89.1448963135
3.1 90.5495963075
3.2 91.9546239709
3.3 93.3664348679
3.4 94.7886385268
3.5 96.2196024727
3.6 97.6531635445
3.7 99.0923614507
3.8 100.537660253
3.9 101.987029492
4.0 103.450888971
-1.77310616065e-11 -1.77310616065e-11