-4.0 55.387820837
-3.9 54.9000054436
-3.8 54.4144668064
-3.7 53.9378713469
-3.6 53.4630826579
-3.5 53.0064185458
-3.4 52.5778653965
-3.3 52.1647176444
-3.2 51.7775198983
-3.1 51.4003402529
-3.0 51.024231206
-2.9 50.6499672421
-2.8 50.277396586
-2.7 49.9098891938
-2.6 49.5512320494
-2.5 49.2117133424
-2.4 48.8880908534
-2.3 48.5778189211
-2.2 48.2785190279
-2.1 48.0020838557
-2.0 47.7498320298
-1.9 47.5075307681
-1.8 47.2730912803
-1.7 47.0527269942
-1.6 46.8422291979
-1.5 46.6419620415
-1.4 46.4483653393
-1.3 46.2639581585
-1.2 46.0843600411
-1.1 45.9079227107
-1.0 45.747334036
-0.9 45.6342813321
-0.8 45.5763426381
-0.7 45.5479892729
-0.6 45.5234695088
-0.5 45.5086554509
-0.4 45.5106538853
-0.3 45.5248830671
-0.2 45.5439454283
-0.1 45.575631282
2.41473507856e-15 45.6363628367
0.1 45.7067175289
0.2 45.7857596636
0.3 45.8727306212
0.4 45.963853074
0.5 46.057102997
0.6 46.1595437117
0.7 46.2655507176
0.8 46.3899739934
0.9 46.5514970692
1.0 46.7333750642
1.1 46.9205908482
1.2 47.1157612701
1.3 47.3138270375
1.4 47.5188727936
1.5 47.7436800907
1.6 47.9796450741
1.7 48.226136385
1.8 48.4778096603
1.9 48.7348581241
2.0 48.992517979
2.1 49.2536457494
2.2 49.5280145224
2.3 49.8126944164
2.4 50.0987111626
2.5 50.3881862917
2.6 50.6819243106
2.7 50.9781369685
2.8 51.2752518539
2.9 51.5725472373
3.0 51.8706131373
3.1 52.1725425256
3.2 52.4821882825
3.3 52.7926897395
3.4 53.1083153257
3.5 53.4341517585
3.6 53.7730915078
3.7 54.1390110111
3.8 54.5098950594
3.9 54.8828530004
4.0 55.2607753986
-1.54379904981e-09 -1.54379904981e-09