-4.0 97.8378195693
-3.9 96.3188964381
-3.8 94.8036811953
-3.7 93.290390035
-3.6 91.7804289549
-3.5 90.2788438903
-3.4 88.781526474
-3.3 87.2876273275
-3.2 85.7954148062
-3.1 84.3067358672
-3.0 82.8217976808
-2.9 81.3411549859
-2.8 79.8627777171
-2.7 78.3884772972
-2.6 76.9318180674
-2.5 75.4819326104
-2.4 74.0344933634
-2.3 72.5933999389
-2.2 71.15989777
-2.1 69.732940322
-2.0 68.3177184616
-1.9 66.9155686537
-1.8 65.5238570898
-1.7 64.1374907143
-1.6 62.7569155544
-1.5 61.3780477125
-1.4 60.0057563994
-1.3 58.6343943009
-1.2 57.2638196044
-1.1 55.9018967553
-1.0 54.5477953562
-0.9 53.2260966458
-0.8 51.9534671322
-0.7 51.44914839
-0.6 52.6069836642
-0.5 53.7667580895
-0.4 54.9343631508
-0.3 56.1038541732
-0.2 57.2739834109
-0.1 58.4525109591
2.41473507856e-15 59.6385751076
0.1 60.83360623
0.2 62.0528692878
0.3 63.2846166247
0.4 64.5358725406
0.5 65.7974998877
0.6 67.0660294865
0.7 68.3390651222
0.8 69.619817548
0.9 70.9363921838
1.0 72.2896844779
1.1 73.6920337227
1.2 75.1206968844
1.3 76.5652435606
1.4 78.0287741979
1.5 79.4951348109
1.6 80.9619223803
1.7 82.4324031136
1.8 83.9105938126
1.9 85.3912463411
2.0 86.8882850745
2.1 88.3954699173
2.2 89.9090958062
2.3 91.4248894145
2.4 92.941813611
2.5 94.4607748113
2.6 95.9820509197
2.7 97.504592428
2.8 99.0284013324
2.9 100.561305213
3.0 102.109766466
3.1 103.663983678
3.2 105.22562663
3.3 106.810043424
3.4 108.39967248
3.5 109.997148661
3.6 111.610715022
3.7 113.228321589
3.8 114.850255664
3.9 116.477039383
4.0 118.110830782
-0.731611679037 -0.731611679037