-4.0 100.172142028
-3.9 98.8008693519
-3.8 97.4448504093
-3.7 96.0932425813
-3.6 94.7516420217
-3.5 93.4431441742
-3.4 92.1525049434
-3.3 90.8657800254
-3.2 89.6053407682
-3.1 88.3585729544
-3.0 87.1123697234
-2.9 85.8692086541
-2.8 84.626490914
-2.7 83.3838577437
-2.6 82.1471917872
-2.5 80.9156731435
-2.4 79.6912258366
-2.3 78.4733496605
-2.2 77.2576748655
-2.1 76.0428973302
-2.0 74.8333891804
-1.9 73.6266630597
-1.8 72.4210920399
-1.7 71.2186419399
-1.6 70.0171999384
-1.5 68.8224373125
-1.4 67.633513125
-1.3 66.4445945112
-1.2 65.2557829761
-1.1 64.0669968591
-1.0 62.8802606918
-0.9 61.7126896672
-0.8 60.5614278558
-0.7 59.4285019118
-0.6 58.3013216174
-0.5 57.1757134976
-0.4 56.0561139754
-0.3 54.9458399793
-0.2 53.8742249177
-0.1 52.8444868667
2.41473507856e-15 51.8147523439
0.1 52.8684941451
0.2 53.9222393955
0.3 54.9811815394
0.4 56.0497534601
0.5 57.1208477025
0.6 58.1953262698
0.7 59.2709470384
0.8 60.348253653
0.9 61.4366565557
1.0 62.5319540738
1.1 63.6284445459
1.2 64.726808063
1.3 65.8303480827
1.4 66.9405463051
1.5 68.0637576335
1.6 69.1940165272
1.7 70.3295471493
1.8 71.4722059929
1.9 72.6201726904
2.0 73.7713507236
2.1 74.9331345922
2.2 76.1143979818
2.3 77.3090921715
2.4 78.5059416754
2.5 79.702933236
2.6 80.9011063052
2.7 82.1014965773
2.8 83.302907922
2.9 84.5048079248
3.0 85.7094954275
3.1 86.9187974823
3.2 88.1444106657
3.3 89.3766281083
3.4 90.6187203531
3.5 91.8637006992
3.6 93.110354178
3.7 94.3577458842
3.8 95.6083735906
3.9 96.8718374777
4.0 98.1565602561
9.11004806052e-11 9.11004806052e-11