-4.0 119.817602412
-3.9 118.380876976
-3.8 116.944261641
-3.7 115.510076773
-3.6 114.080144404
-3.5 112.650560137
-3.4 111.222018224
-3.3 109.797303166
-3.2 108.377122782
-3.1 106.957632337
-3.0 105.538141947
-2.9 104.118651656
-2.8 102.699161402
-2.7 101.280091383
-2.6 99.8628775936
-2.5 98.4474088169
-2.4 97.0403207939
-2.3 95.6346120737
-2.2 94.2305640144
-2.1 92.8272977003
-2.0 91.4254873996
-1.9 90.0237112606
-1.8 88.6233344341
-1.7 87.2250772745
-1.6 85.8293056772
-1.5 84.4363627439
-1.4 83.0464303284
-1.3 81.6599727825
-1.2 80.2761067152
-1.1 78.8948504182
-1.0 77.525097717
-0.9 76.172009605
-0.8 74.82896848
-0.7 73.4916834154
-0.6 72.1682229522
-0.5 70.854167646
-0.4 69.5417124748
-0.3 68.2320218677
-0.2 66.9251533419
-0.1 65.6182848462
2.41473507856e-15 64.3114163516
0.1 63.0045478704
0.2 61.6976793947
0.3 60.3908108968
0.4 59.0839423668
0.5 57.7770738743
0.6 56.4704801435
0.7 55.1733185931
0.8 53.9059954827
0.9 52.6686447617
1.0 51.4445987862
1.1 51.1922339265
1.2 52.1782709084
1.3 53.1643079283
1.4 54.1735014721
1.5 55.1983228224
1.6 56.2386814728
1.7 57.2798373753
1.8 58.3241457026
1.9 59.370161871
2.0 60.4272664982
2.1 61.5020856986
2.2 62.5899068418
2.3 63.6805075789
2.4 64.7726129612
2.5 65.870611108
2.6 66.9713615475
2.7 68.0748581092
2.8 69.1787376469
2.9 70.2838766541
3.0 71.3938418392
3.1 72.5164478209
3.2 73.64184811
3.3 74.7695465424
3.4 75.8991823272
3.5 77.0296288065
3.6 78.1629996042
3.7 79.3006157548
3.8 80.4466861847
3.9 81.6042274389
4.0 82.7675337555
1.05603418014 1.05603418014