-4.0 51.7569192583
-3.9 51.4643507252
-3.8 51.1780631263
-3.7 50.8954999175
-3.6 50.6155328214
-3.5 50.3395726113
-3.4 50.0697808043
-3.3 49.8118300008
-3.2 49.5709058117
-3.1 49.3388194649
-3.0 49.1167571602
-2.9 48.9048540773
-2.8 48.6966063862
-2.7 48.4938599253
-2.6 48.294638407
-2.5 48.0988582016
-2.4 47.9058747693
-2.3 47.7147051385
-2.2 47.5246525699
-2.1 47.3356506446
-2.0 47.1508919265
-1.9 46.972082515
-1.8 46.7971114922
-1.7 46.6250571232
-1.6 46.4631494865
-1.5 46.3117671413
-1.4 46.197572591
-1.3 46.1106476829
-1.2 46.0334164903
-1.1 45.9635574746
-1.0 45.9021317055
-0.9 45.843359852
-0.8 45.787798473
-0.7 45.7409206098
-0.6 45.7041126279
-0.5 45.6738704594
-0.4 45.6477320849
-0.3 45.6229067499
-0.2 45.6070909819
-0.1 45.6193251312
2.41473507856e-15 45.6363628303
0.1 45.6598592367
0.2 45.6885015317
0.3 45.7206109131
0.4 45.7547221989
0.5 45.7933649129
0.6 45.8364696377
0.7 45.8852913938
0.8 45.9399194014
0.9 46.0056261807
1.0 46.0736385531
1.1 46.1469890686
1.2 46.2476015962
1.3 46.3541543444
1.4 46.4784318477
1.5 46.6184129937
1.6 46.764745409
1.7 46.9143342001
1.8 47.0791331681
1.9 47.2545682339
2.0 47.4409605068
2.1 47.6491477013
2.2 47.8746872749
2.3 48.1291224118
2.4 48.3959610508
2.5 48.6709638637
2.6 48.9759881622
2.7 49.2832581391
2.8 49.5907414801
2.9 49.8987154058
3.0 50.2084441141
3.1 50.539878192
3.2 50.8842456578
3.3 51.239178972
3.4 51.6146394788
3.5 51.9983846754
3.6 52.3909298947
3.7 52.7863694758
3.8 53.18688065
3.9 53.5911314501
4.0 53.9957754503
-3.49082068634e-10 -3.49082068634e-10