0 0.0
0.05 3.08580938579e-11
0.1 2.97957784001e-08
0.15 6.39488462184e-11
0.2 1.26443189252e-10
0.25 1.5891177263e-10
0.3 1.91570426189e-10
0.35 2.24346208277e-10
0.4 2.57386667535e-10
0.45 2.89727242198e-10
0.5 3.22333937319e-10
0.55 3.53878037984e-10
0.6 3.84619780469e-10
0.65 4.14462131282e-10
0.7 4.43262426764e-10
0.75 4.70262273566e-10
0.8 7.31707796575e-08
0.85 5.20356646661e-10
0.9 5.42688116667e-10
0.95 5.63242896767e-10
1.0 8.17231046168e-08
1.05 5.97689009396e-10
1.1 6.15564377249e-10
1.15 8.6837806279e-08
1.2 8.86516280385e-08
1.25 9.0154163912e-08
1.3 9.13215044696e-08
1.35 9.20834202223e-08
1.4 9.2356229997e-08
1.45 9.20640658153e-08
1.5 9.11208802856e-08
1.55 8.94287540687e-08
1.6 8.68760440254e-08
1.65 8.33350741747e-08
1.7 7.86592847524e-08
1.75 7.26795145178e-08
1.8 6.51990715861e-08
1.85 5.59869093308e-08
1.9 4.47781530744e-08
1.95 3.12164053495e-08
2.0 2.5712499796e-08
-0.643272692419 -0.643272692419