0 0.0
0.05 1.08760104956e-10
0.1 2.30239499562e-10
0.15 3.68395913573e-10
0.2 5.28691688841e-10
0.25 7.18896319844e-10
0.3 9.50096945265e-10
0.35 1.23941619666e-09
0.4 1.61441202857e-09
0.45 2.12237059083e-09
0.5 2.85142212168e-09
0.55 3.98514400514e-09
0.6 5.97126413799e-09
0.65 1.01948013991e-08
0.7 2.30533306966e-08
0.75 1.24400555406e-07
0.8 0.0194637597111
0.85 0.0416963040091
0.9 0.186597785814
0.95 0.18713365587
1.0 0.187134473445
1.05 0.224277247658
1.1 0.278179046179
1.15 0.305872099066
1.2 0.305872708087
1.25 0.538442599737
1.3 0.64202986918
1.35 0.660996854627
1.4 0.669630727096
1.45 0.676894359289
1.5 0.763654605783
1.55 0.789813875709
1.6 0.800942144298
1.65 0.810625078131
1.7 1.17466175903
1.75 1.19568635388
1.8 1.24562137887
1.85 1.34456222003
1.9 1.34456223787
1.95 1.61593993184
2.0 1.65640724265
0.0 0.0