0 0.0
0.05 -2.21356385304e-08
0.1 -2.00689969389e-08
0.15 -1.80917116064e-08
0.2 -1.61962925226e-08
0.25 -1.44596943092e-08
0.3 1.12450850672e-10
0.35 -1.16280511823e-08
0.4 -1.01815203585e-08
0.45 1.55923215573e-10
0.5 1.70873548416e-10
0.55 1.85868136064e-10
0.6 -4.19429763554e-09
0.65 2.16679697916e-10
0.7 2.32447493239e-10
0.75 2.48442683987e-10
0.8 2.17432260549e-09
0.85 2.81449876201e-10
0.9 2.98480757932e-10
0.95 3.15937525584e-10
1.0 3.33691313501e-10
1.05 3.51946982402e-10
1.1 3.70629029998e-10
1.15 3.89847596853e-10
1.2 4.09643651162e-10
1.25 4.2992857108e-10
1.3 4.50869570236e-10
1.35 4.72403683319e-10
1.4 4.94612352464e-10
1.45 5.17548267563e-10
1.5 5.41240922193e-10
1.55 5.65725399018e-10
1.6 5.91053781689e-10
1.65 6.17210557996e-10
1.7 6.44250061139e-10
1.75 6.72233664608e-10
1.8 7.01215213938e-10
1.85 7.31126487974e-10
1.9 7.62093856434e-10
1.95 7.94146200069e-10
2.0 8.27249959109e-10
0.0 0.0