0 4.80386014243e-16
0.05 0.0233225797505
0.1 0.112758166787
0.15 0.117021256365
0.2 0.148928180198
0.25 0.14892830591
0.3 0.236163079224
0.35 0.25475579066
0.4 0.336245188096
0.45 0.734534677063
0.5 0.808285405732
0.55 0.868590920901
0.6 0.868590926156
0.65 0.885412238483
0.7 0.911387410062
0.75 0.941019452435
0.8 0.990739071874
0.85 1.10452858319
0.9 1.10470761588
0.95 1.10470769602
1.0 1.12054496349
1.05 1.14069627855
1.1 1.14265861003
1.15 1.16032638289
1.2 1.16802993543
1.25 1.18909593668
1.3 1.19620584076
1.35 1.23224109071
1.4 1.27590971237
1.45 1.29630314369
1.5 1.31951048063
1.55 1.33406162209
1.6 1.3340616348
1.65 1.33689435106
1.7 1.33689440046
1.75 1.37837518502
1.8 1.38462820461
1.85 1.38462828774
1.9 1.38595891304
1.95 1.45582293599
2.0 1.47466111566
0.0 0.0