0 0.0
0.05 1.05601820445e-10
0.1 2.23732122963e-10
0.15 3.58303808546e-10
0.2 5.14654486204e-10
0.25 7.00313219249e-10
0.3 9.26295622579e-10
0.35 1.20940316784e-09
0.4 1.57551797574e-09
0.45 2.0703775217e-09
0.5 2.77473188614e-09
0.55 3.8566185958e-09
0.6 5.69770871335e-09
0.65 9.33227572614e-09
0.7 1.8594858387e-08
0.75 3.3936080182e-10
0.8 0.00656533521613
0.85 0.0279129323333
0.9 0.0289430860879
0.95 0.0690583000398
1.0 0.0713990148641
1.05 0.0884787883998
1.1 0.0884788355919
1.15 0.11204233106
1.2 0.116660720947
1.25 0.126680226088
1.3 0.176664938445
1.35 0.195585638854
1.4 0.222543053199
1.45 0.249594197705
1.5 0.249594444661
1.55 0.254115006668
1.6 0.266154406002
1.65 0.31146260089
1.7 0.342646083108
1.75 0.372332246045
1.8 0.38441995575
1.85 0.3986704266
1.9 0.441321192258
1.95 0.458589517748
2.0 0.463768060879
-0.279403292941 -0.279403292941