0 0.0
0.05 1.61412345984e-11
0.1 -4.79799781663e-08
0.15 4.77792069113e-11
0.2 6.2818816602e-11
0.25 8.07870022942e-11
0.3 9.75664340885e-11
0.35 1.14232058164e-10
0.4 1.30903911908e-10
0.45 1.46870163831e-10
0.5 1.63136445878e-10
0.55 1.77732472136e-10
0.6 1.97457027161e-10
0.65 2.131121293e-10
0.7 2.30730981092e-10
0.75 2.46775516356e-10
0.8 2.64153900101e-10
0.85 2.80682003901e-10
0.9 2.97082101959e-10
0.95 3.1296225292e-10
1.0 3.29658493337e-10
1.05 3.45893017743e-10
1.1 3.61907885967e-10
1.15 3.7800181336e-10
1.2 3.93973723595e-10
1.25 4.09383062452e-10
1.3 4.25713368015e-10
1.35 4.41561139782e-10
1.4 4.57271684749e-10
1.45 4.7311865537e-10
1.5 4.8866999825e-10
1.55 5.0455029499e-10
1.6 5.20115668792e-10
1.65 5.35989623111e-10
1.7 5.51726646773e-10
1.75 5.67404178098e-10
1.8 5.83279920562e-10
1.85 5.99643436794e-10
1.9 6.15158451239e-10
1.95 6.31162431357e-10
2.0 6.47257118153e-10
0.0 0.0