0 0.0
0.05 1.60227348035e-10
0.1 3.00153847501e-10
0.15 4.24747663444e-10
0.2 5.3769020786e-10
0.25 6.41806217512e-10
0.3 7.3933909648e-10
0.35 8.32135236261e-10
0.4 9.21773834077e-10
0.45 1.00966371144e-09
0.5 1.09711987032e-09
0.55 1.18543022489e-09
0.6 1.27591901355e-09
0.65 1.37001411109e-09
0.7 1.46925194242e-09
0.75 1.57542611699e-09
0.8 1.69089731983e-09
0.85 1.81854952318e-09
0.9 1.96213982237e-09
0.95 2.12672730064e-09
1.0 2.31936592436e-09
1.05 2.55028191357e-09
1.1 2.83499584274e-09
1.15 3.19845014187e-09
1.2 3.68639331358e-09
1.25 4.42446318404e-09
1.3 5.92019114753e-09
1.35 1.84186969749e-08
1.4 2.81078304548e-08
1.45 5.1305829658e-08
1.5 0.111298522425
1.55 0.11924556913
1.6 0.131445552857
1.65 0.182135033714
1.7 0.19527200805
1.75 0.232828463036
1.8 0.237175857432
1.85 0.256050723408
1.9 0.326895277927
1.95 0.347875189515
2.0 0.414723159431
0.0 0.0