0 0.0
0.05 9.17105215282e-12
0.1 2.23037625703e-11
0.15 -6.38640457455e-08
0.2 3.04341127413e-11
0.25 5.86645742575e-11
0.3 7.17655239656e-11
0.35 8.47781913867e-11
0.4 -5.75545207051e-08
0.45 -5.62193426308e-08
0.5 1.24731569006e-10
0.55 1.3856613927e-10
0.6 1.52471944799e-10
0.65 1.66465812804e-10
0.7 1.81000649895e-10
0.75 1.95565897341e-10
0.8 2.10087451714e-10
0.85 2.24898971577e-10
0.9 2.39711770334e-10
0.95 2.5458563343e-10
1.0 2.69529972129e-10
1.05 2.84621232237e-10
1.1 2.99436543125e-10
1.15 3.14661821484e-10
1.2 3.29680699359e-10
1.25 3.44534932693e-10
1.3 3.5970381225e-10
1.35 3.74710063367e-10
1.4 3.8966091638e-10
1.45 4.04517426691e-10
1.5 4.19352634863e-10
1.55 4.3408326686e-10
1.6 4.48701415898e-10
1.65 4.63160438889e-10
1.7 4.7747424861e-10
1.75 4.92047493316e-10
1.8 5.06364725771e-10
1.85 5.20464864979e-10
1.9 5.34519518182e-10
1.95 5.4805066041e-10
2.0 5.61696225567e-10
0.0 0.0