0 0.0
0.05 1.0244079469e-09
0.1 1.66643289164e-09
0.15 2.10374924886e-09
0.2 2.41995669597e-09
0.25 2.65912333653e-09
0.3 2.84651892136e-09
0.35 2.99760873517e-09
0.4 3.1223635485e-09
0.45 3.22749390435e-09
0.5 3.31768296698e-09
0.55 3.39630482222e-09
0.6 3.46586118242e-09
0.65 3.52825835194e-09
0.7 3.58498892656e-09
0.75 3.63725572092e-09
0.8 3.68605998187e-09
0.85 3.73226729723e-09
0.9 3.77667627065e-09
0.95 3.82192725402e-09
1.0 3.86924571399e-09
1.05 3.91897478052e-09
1.1 3.972241437e-09
1.15 4.03065202012e-09
1.2 4.09650460052e-09
1.25 4.13810680587e-09
1.3 4.13927204093e-09
1.35 4.36743531292e-09
1.4 4.41118128125e-09
1.45 5.07962197694e-09
1.5 8.81466911264e-09
1.55 9.59380820305e-09
1.6 1.05073443664e-08
1.65 1.21153473639e-08
1.7 4.80808985705e-09
1.75 5.3997941137e-09
1.8 9.48761608142e-08
1.85 0.035275548933
1.9 0.313432706607
1.95 0.368180568656
2.0 0.368180661665
0.0 0.0