0 0.0
0.05 0.00421777495687
0.1 0.0103448279919
0.15 0.0680609344267
0.2 0.0829687592848
0.25 0.0910829180049
0.3 0.162280196215
0.35 0.17047381855
0.4 0.170473860339
0.45 0.200901155818
0.5 0.200903585577
0.55 0.230950912549
0.6 0.404264307697
0.65 0.50047409614
0.7 0.500474197623
0.75 0.500474202449
0.8 0.500474203483
0.85 0.500474203719
0.9 0.500474203908
0.95 0.500474204048
1.0 0.500474204144
1.05 0.500474204249
1.1 0.500474204404
1.15 0.500474204411
1.2 0.500474204411
1.25 0.500474204414
1.3 0.50047420442
1.35 0.50047420443
1.4 0.500474204448
1.45 0.500474204453
1.5 0.50047420446
1.55 0.500474204457
1.6 0.500474204475
1.65 0.500474204478
1.7 0.500474204491
1.75 0.500474204491
1.8 0.500474204554
1.85 0.500474204834
1.9 0.500474204973
1.95 0.500474205211
2.0 0.500474205182
0.0 0.0