0 0.0
0.05 8.545338781e-11
0.1 1.73513709278e-10
0.15 2.65546130292e-10
0.2 3.62698259779e-10
0.25 4.66260637522e-10
0.3 5.78650472088e-10
0.35 7.0237372062e-10
0.4 8.40628971156e-10
0.45 9.97599589341e-10
0.5 1.17882343362e-09
0.55 1.39151566511e-09
0.6 1.64429523349e-09
0.65 1.94433855769e-09
0.7 2.28428345495e-09
0.75 2.90679451773e-09
0.8 4.73959264394e-09
0.85 1.00595168493e-08
0.9 6.87180170223e-08
0.95 0.0179566094349
1.0 0.0644336814291
1.05 0.116850715351
1.1 0.145137671726
1.15 0.16295202053
1.2 0.162952030331
1.25 0.17409285441
1.3 0.24569019359
1.35 0.250118469706
1.4 0.259828739575
1.45 0.342924006761
1.5 0.365410901761
1.55 0.491039149948
1.6 0.597547588605
1.65 0.673106348399
1.7 0.733574656551
1.75 0.739622181281
1.8 0.739622214461
1.85 0.985741731286
1.9 0.985741928177
1.95 0.991078592793
2.0 0.991082056601
0.0 0.0