0 0.0
0.05 0.064476614861
0.1 0.095585977366
0.15 0.112099076209
0.2 0.199793129377
0.25 0.199793217152
0.3 0.274640740245
0.35 0.429463241458
0.4 0.467884887719
0.45 0.567289733053
0.5 0.573555460754
0.55 0.57928303042
0.6 0.594621598394
0.65 0.595296592818
0.7 0.617671416993
0.75 0.841914177059
0.8 0.851662849453
0.85 0.876255305744
0.9 0.876255318886
0.95 0.901482869473
1.0 0.901604187054
1.05 0.91588338848
1.1 0.915883403332
1.15 0.916184473451
1.2 0.949769134169
1.25 1.025707727
1.3 1.05955818198
1.35 1.0716194899
1.4 1.07568159024
1.45 1.16755036106
1.5 1.25960989475
1.55 1.30348218835
1.6 1.40459775847
1.65 1.4526866434
1.7 1.56155251124
1.75 1.56442526852
1.8 1.58549109449
1.85 1.60339827676
1.9 1.62313692548
1.95 1.62313692491
2.0 1.68216926077
2.55569866057 2.55569866057