0 0.0
0.05 3.91923063503e-07
0.1 0.0260473094954
0.15 0.0393924321005
0.2 0.0813951240548
0.25 0.101299146791
0.3 0.101299155698
0.35 0.181756754047
0.4 0.189768137754
0.45 0.269349222976
0.5 0.269349407
0.55 0.278694793217
0.6 0.359791494156
0.65 0.370160437405
0.7 0.48222297917
0.75 0.482223155071
0.8 0.589490869903
0.85 0.658551808491
0.9 0.67385762995
0.95 0.688672288429
1.0 0.688672299543
1.05 0.86036074915
1.1 0.860360787954
1.15 0.947948035814
1.2 0.95607514735
1.25 0.975821039396
1.3 1.06139794213
1.35 1.14636433953
1.4 1.21257897082
1.45 1.2712542504
1.5 1.27125433074
1.55 1.27591513748
1.6 1.33135805082
1.65 1.34315244011
1.7 1.34391311528
1.75 1.3439131259
1.8 1.34483218763
1.85 1.37470411285
1.9 1.45189861298
1.95 1.58268294004
2.0 1.62055285908
0.388550489369 0.388550489369