0 0.0
0.05 2.23436675744e-10
0.1 4.1198893566e-10
0.15 5.7465977644e-10
0.2 7.17883283529e-10
0.25 8.47335352721e-10
0.3 9.65162514779e-10
0.35 1.07416586204e-09
0.4 1.17659531138e-09
0.45 1.27432045094e-09
0.5 1.36895392407e-09
0.55 1.46194516526e-09
0.6 1.55465660423e-09
0.65 1.64843065468e-09
0.7 1.74465420698e-09
0.75 1.8448265535e-09
0.8 1.95063677492e-09
0.85 2.06405668925e-09
0.9 2.18745647912e-09
0.95 2.32375171226e-09
1.0 2.47660250618e-09
1.05 2.64810341083e-09
1.1 2.84584921121e-09
1.15 3.08463792961e-09
1.2 3.39947742196e-09
1.25 3.87378618266e-09
1.3 4.63503393731e-09
1.35 5.70156036549e-09
1.4 7.0214865758e-09
1.45 9.18888910486e-09
1.5 1.33666862856e-08
1.55 6.7523377301e-09
1.6 3.52738523803e-08
1.65 0.0096155967914
1.7 0.0267598933778
1.75 0.139704363576
1.8 0.139704398242
1.85 0.205397931998
1.9 0.342618856728
1.95 0.489706909002
2.0 0.49198931933
0.0 0.0