0 0.0
0.05 1.10342151517e-09
0.1 1.77923280735e-09
0.15 2.23528997243e-09
0.2 2.56492461376e-09
0.25 2.81574763794e-09
0.3 3.01444472857e-09
0.35 3.17710192646e-09
0.4 3.3139988183e-09
0.45 3.43203168272e-09
0.5 3.53602494364e-09
0.55 3.62948425049e-09
0.6 3.71504968128e-09
0.65 3.79478198751e-09
0.7 3.87035094774e-09
0.75 3.94316534254e-09
0.8 4.01446735074e-09
0.85 4.08540585501e-09
0.9 4.15709774312e-09
0.95 4.23068385189e-09
1.0 4.30742087973e-09
1.05 4.38869087148e-09
1.1 4.47600673494e-09
1.15 4.57113856004e-09
1.2 4.67554408198e-09
1.25 4.83124375137e-09
1.3 4.93057140657e-09
1.35 4.69190211122e-09
1.4 4.79547505676e-09
1.45 4.94673113465e-09
1.5 5.15442847804e-09
1.55 5.47989324048e-09
1.6 5.95973902966e-09
1.65 6.68362009905e-09
1.7 7.88734772288e-09
1.75 1.02092969095e-08
1.8 1.41959128245e-08
1.85 0.0387521260367
1.9 0.282261509869
1.95 0.325613302709
2.0 0.325613263388
0.0 0.0