0 0.0
0.05 9.47382229559e-11
0.1 1.96687024838e-10
0.15 3.10799921284e-10
0.2 4.38476319106e-10
0.25 5.83755360564e-10
0.3 7.51797961974e-10
0.35 9.48656416823e-10
0.4 1.18527137993e-09
0.45 1.47726739367e-09
0.5 1.84225903814e-09
0.55 2.34015704251e-09
0.6 3.13594512084e-09
0.65 4.46755753284e-09
0.7 6.98602790409e-09
0.75 1.29008996074e-08
0.8 1.45946275284e-08
0.85 0.00879132667763
0.9 0.0620876196636
0.95 0.0668348945772
1.0 0.105841561817
1.05 0.105841985349
1.1 0.407588131399
1.15 0.427395495455
1.2 0.472926705806
1.25 0.472926714835
1.3 0.708250594905
1.35 1.02752139304
1.4 1.11207737909
1.45 1.13320417075
1.5 1.27242991436
1.55 1.57062652669
1.6 1.92424103711
1.65 1.96978493575
1.7 1.99061193917
1.75 2.03537731578
1.8 2.07446791109
1.85 2.16011018928
1.9 2.2801566128
1.95 2.34650268637
2.0 2.40494290561
0.0 0.0