0 0.0
0.05 9.72220148855e-10
0.1 1.58224570501e-09
0.15 2.00238998228e-09
0.2 2.31089616023e-09
0.25 2.5483691168e-09
0.3 2.73798637557e-09
0.35 2.89396056724e-09
0.4 3.02551254839e-09
0.45 3.13890601259e-09
0.5 3.23847987677e-09
0.55 3.3275112609e-09
0.6 3.40854322667e-09
0.65 3.48348188483e-09
0.7 3.55386176353e-09
0.75 3.62096068917e-09
0.8 3.68588229572e-09
0.85 3.7496174002e-09
0.9 3.81309212456e-09
0.95 3.87720643796e-09
1.0 3.94292463487e-09
1.05 4.01114416385e-09
1.1 4.08731384329e-09
1.15 4.17956111534e-09
1.2 4.28741491407e-09
1.25 4.41333014195e-09
1.3 4.58636307018e-09
1.35 4.71406502832e-09
1.4 8.90114886911e-09
1.45 7.71435530279e-09
1.5 4.60409211534e-09
1.55 4.97897088317e-09
1.6 5.55355363496e-09
1.65 6.5140506175e-09
1.7 8.13924922468e-09
1.75 1.06284250097e-08
1.8 1.86179065961e-08
1.85 0.136864169204
1.9 0.238158105117
1.95 0.270515010192
2.0 0.309695975622
0.0 0.0