0 0.0
0.05 1.7588285499e-11
0.1 3.52754115952e-11
0.15 5.04094366244e-11
0.2 7.3520208726e-11
0.25 9.25193684664e-11
0.3 1.12636689605e-10
0.35 1.33468363808e-10
0.4 1.54809512608e-10
0.45 1.76955535014e-10
0.5 1.99687643656e-10
0.55 2.23284607767e-10
0.6 2.47446466948e-10
0.65 2.72444237759e-10
0.7 2.98196429914e-10
0.75 3.24753595009e-10
0.8 3.52024822667e-10
0.85 3.80038536775e-10
0.9 4.08847003483e-10
0.95 4.38159063801e-10
1.0 4.58436225827e-10
1.05 4.76936298382e-10
1.1 4.95027296208e-10
1.15 5.18958788905e-10
1.2 5.3040569941e-10
1.25 6.1446274917e-08
1.3 6.31188160775e-08
1.35 5.80598349064e-10
1.4 5.96944876401e-10
1.45 6.11789929364e-10
1.5 7.16456011873e-10
1.55 7.11831888197e-08
1.6 7.40170217649e-08
1.65 7.08550932639e-10
1.7 7.98285105523e-08
1.75 7.61449928122e-10
1.8 8.58346858045e-08
1.85 8.89118056522e-08
1.9 9.20387656041e-08
1.95 9.52159390844e-08
2.0 9.17739523968e-10
0.0 0.0