0 0.0
0.05 8.51559617006e-11
0.1 1.73014300227e-10
0.15 2.64960511414e-10
0.2 3.62588470651e-10
0.25 4.67802835763e-10
0.3 5.829603215e-10
0.35 7.11073443763e-10
0.4 8.56116372206e-10
0.45 1.02362283933e-09
0.5 1.2213021664e-09
0.55 1.46029493815e-09
0.6 1.75783157357e-09
0.65 2.14184887332e-09
0.7 2.66094991988e-09
0.75 3.4138453254e-09
0.8 4.60140370273e-09
0.85 6.78900106217e-09
0.9 1.19778911096e-08
0.95 2.45134779949e-07
1.0 0.0617145383029
1.05 0.116515238957
1.1 0.303269551586
1.15 0.303275496658
1.2 0.323263553124
1.25 0.407096904049
1.3 0.536932353576
1.35 0.563408701669
1.4 0.672623563112
1.45 0.955856328971
1.5 0.972815417202
1.55 1.02258655867
1.6 1.04445114242
1.65 1.13038713259
1.7 1.13038732334
1.75 1.1350874234
1.8 1.27323541807
1.85 1.27323549407
1.9 1.27582291262
1.95 1.32660703363
2.0 1.33099402192
0.0400757979266 0.0400757979266