0 0.0
0.05 1.40261061266e-07
0.1 1.3322895133e-07
0.15 1.23303837335e-07
0.2 1.10980463888e-07
0.25 1.01987707668e-07
0.3 9.57700940774e-08
0.35 8.85150448909e-08
0.4 8.20736152651e-08
0.45 7.61149952927e-08
0.5 6.61939000141e-08
0.55 7.22680501969e-08
0.6 6.91764266009e-08
0.65 8.4522858157e-10
0.7 2.93316022859e-09
0.75 4.66627116114e-09
0.8 6.1208024621e-09
0.85 7.32731487985e-09
0.9 8.31929025669e-09
0.95 9.12684519627e-09
1.0 9.77574426964e-09
1.05 1.02876667879e-08
1.1 1.06809084771e-08
1.15 1.12343650216e-08
1.2 1.18388538001e-08
1.25 1.24018811887e-08
1.3 1.29274034394e-08
1.35 1.34214356295e-08
1.4 1.4262892381e-08
1.45 1.51006804561e-08
1.5 1.59140032957e-08
1.55 1.67064432705e-08
1.6 1.74813873655e-08
1.65 1.82407228211e-08
1.7 1.89545043272e-08
1.75 1.96284249271e-08
1.8 2.05240519024e-08
1.85 2.50165509558e-08
1.9 3.13040024735e-08
1.95 3.96157522481e-08
2.0 8.25838574886e-08
-0.0840623578379 -0.0840623578379