0 0.0
0.05 5.97751978109e-10
0.1 1.03764357253e-09
0.15 1.3786254678e-09
0.2 1.65261860816e-09
0.25 1.87776203282e-09
0.3 2.06503025845e-09
0.35 2.22159014342e-09
0.4 2.35220616876e-09
0.45 2.44924869163e-09
0.5 2.52048026376e-09
0.55 2.58504366204e-09
0.6 2.64448840678e-09
0.65 2.67821889723e-09
0.7 2.72705003015e-09
0.75 2.79829975747e-09
0.8 2.88536050778e-09
0.85 2.97562622884e-09
0.9 3.06644072414e-09
0.95 3.15892505826e-09
1.0 3.25609807239e-09
1.05 3.36264037069e-09
1.1 3.48389266646e-09
1.15 3.59145241536e-09
1.2 3.42068267461e-09
1.25 3.46617924563e-09
1.3 3.52758657634e-09
1.35 3.68413470802e-09
1.4 3.88881472206e-09
1.45 3.99060221195e-09
1.5 4.34420847546e-09
1.55 4.73379749344e-09
1.6 4.71895814042e-09
1.65 4.43830007897e-09
1.7 7.99126215706e-09
1.75 2.5752043671e-07
1.8 0.000990666885345
1.85 0.0231005231372
1.9 0.105325334953
1.95 0.106485367428
2.0 0.233624003698
0.0 0.0