0 0.0
0.05 -3.41523924696e-08
0.1 -3.05212136675e-08
0.15 -2.68415113469e-08
0.2 1.4389400782e-10
0.25 1.76158310161e-10
0.3 2.22905693903e-10
0.35 -1.16751307511e-08
0.4 2.99348323907e-10
0.45 3.38161054714e-10
0.5 -6.29041263522e-11
0.55 3.81420028894e-09
0.6 4.54055681942e-10
0.65 4.92945906316e-10
0.7 1.53543954218e-08
0.75 1.91428797258e-08
0.8 6.07389805118e-10
0.85 2.65790761622e-08
0.9 3.02075939818e-08
0.95 3.37628084379e-08
1.0 3.72337258803e-08
1.05 4.06086421156e-08
1.1 4.38750140663e-08
1.15 4.70192329516e-08
1.2 5.00264782932e-08
1.25 5.28805659261e-08
1.3 5.55636261446e-08
1.35 5.8055873331e-08
1.4 6.03352160455e-08
1.45 6.23769653707e-08
1.5 6.41533360879e-08
1.55 6.56329073312e-08
1.6 6.67800903464e-08
1.65 6.7554301042e-08
1.7 6.83113510203e-08
1.75 6.87433612256e-08
1.8 6.86483169199e-08
1.85 6.794528562e-08
1.9 6.65410240241e-08
1.95 6.43276139023e-08
2.0 6.11797298378e-08
0.841733307676 0.841733307676