0 0.0
0.05 8.55491693392e-11
0.1 1.6982006077e-10
0.15 2.53733276124e-10
0.2 3.38351869966e-10
0.25 4.24860275136e-10
0.3 5.14581607225e-10
0.35 6.08857452097e-10
0.4 7.09354570853e-10
0.45 8.18314817607e-10
0.5 9.38368165507e-10
0.55 1.07287390337e-09
0.6 1.22624646798e-09
0.65 1.40445151393e-09
0.7 1.61577927233e-09
0.75 1.87207149683e-09
0.8 2.19066792385e-09
0.85 2.58157097706e-09
0.9 3.05003978306e-09
0.95 3.61738817152e-09
1.0 4.12312698632e-09
1.05 6.46042858617e-09
1.1 0.0144079835514
1.15 0.0527306156983
1.2 0.0886540085132
1.25 0.137929952413
1.3 0.137930030234
1.35 0.184041331353
1.4 0.205697135578
1.45 0.218470351767
1.5 0.231015513737
1.55 0.262271464064
1.6 0.267222877464
1.65 0.303755026956
1.7 0.304456423792
1.75 0.343433759139
1.8 0.343434143502
1.85 0.364137098397
1.9 0.505633033611
1.95 0.510458542677
2.0 0.523970789091
0.0 0.0