0 0.0
0.05 -9.81960031066e-08
0.1 -9.43727567204e-08
0.15 -9.06287638269e-08
0.2 -8.69636163081e-08
0.25 -8.33768372122e-08
0.3 -7.98678669867e-08
0.35 -7.6436030616e-08
0.4 -7.30805636007e-08
0.45 -6.98006397126e-08
0.5 -6.65952817336e-08
0.55 -6.34634720331e-08
0.6 -6.04040766294e-08
0.65 -5.7415853405e-08
0.7 -5.44975313765e-08
0.75 -5.16476483803e-08
0.8 -4.88647771135e-08
0.85 -4.61472846602e-08
0.9 -4.34935727434e-08
0.95 -4.09018863223e-08
1.0 -3.83704055196e-08
1.05 -3.58972915837e-08
1.1 -3.34806022906e-08
1.15 -3.11183263602e-08
1.2 -2.88084376354e-08
1.25 -2.65488151463e-08
1.3 -2.43373710074e-08
1.35 -2.21719014259e-08
1.4 -2.00502840997e-08
1.45 -1.79703321113e-08
1.5 -1.59298663149e-08
1.55 -1.39267906096e-08
1.6 -1.19590286562e-08
1.65 -1.00245920454e-08
1.7 -8.12160494412e-09
1.75 -6.24834850527e-09
1.8 -4.40332170726e-09
1.85 -2.58525645336e-09
1.9 -7.9324879998e-10
1.95 9.73225500189e-10
2.0 2.71414424269e-09
1.92296748791 1.92296748791