0 0.0
0.05 5.98881843885e-10
0.1 1.53583501428e-09
0.15 3.19000579383e-09
0.2 6.668852559e-09
0.25 1.50393689774e-08
0.3 1.03182480253e-07
0.35 0.00679098714817
0.4 0.0281669282172
0.45 0.0408471761297
0.5 0.112706732007
0.55 0.159758647061
0.6 0.184726514248
0.65 0.184726457595
0.7 0.184726523012
0.75 0.184726584177
0.8 0.205015791752
0.85 0.205016004672
0.9 0.205909303244
0.95 0.233953411233
1.0 0.240869357462
1.05 0.284341864615
1.1 0.423010253673
1.15 0.477769366377
1.2 0.6040506289
1.25 0.651998079872
1.3 0.709632603242
1.35 0.714995327485
1.4 0.717945012748
1.45 0.717945113494
1.5 0.850724815747
1.55 0.852072435138
1.6 0.852072443194
1.65 0.852072443804
1.7 0.852072456835
1.75 0.852072453857
1.8 0.8520725065
1.85 0.886316388463
1.9 0.889259132479
1.95 0.890681462871
2.0 0.895898559193
0.0 0.0