0 0.0
0.05 8.35632595716e-11
0.1 1.66352399222e-10
0.15 2.50237897194e-10
0.2 3.36388139276e-10
0.25 4.26051046256e-10
0.3 5.20618339456e-10
0.35 6.21700920697e-10
0.4 7.31229126519e-10
0.45 8.51349604332e-10
0.5 9.85066581493e-10
0.55 1.13679506186e-09
0.6 1.31242500319e-09
0.65 1.52088896681e-09
0.7 1.77769845514e-09
0.75 2.12002529235e-09
0.8 2.69337872144e-09
0.85 2.45942142323e-09
0.9 1.13374331731e-08
0.95 1.66893517346e-08
1.0 2.51989238607e-09
1.05 0.0454510617402
1.1 0.0745541854779
1.15 0.0823015867136
1.2 0.0945931330554
1.25 0.0945931176276
1.3 0.105334050441
1.35 0.123983667806
1.4 0.170626500314
1.45 0.222835012282
1.5 0.227054985465
1.55 0.394291366907
1.6 0.46837753423
1.65 0.532206624425
1.7 0.686449891798
1.75 0.753525952106
1.8 0.766019014662
1.85 0.860622695719
1.9 0.913936360741
1.95 0.953991147689
2.0 0.974094661586
0.0 0.0