0 0.0
0.05 6.83682110738e-10
0.1 1.13794343007e-09
0.15 1.45932705783e-09
0.2 1.69779090924e-09
0.25 1.88192751068e-09
0.3 2.02826895374e-09
0.35 2.14768400104e-09
0.4 2.24804453551e-09
0.45 2.33415747789e-09
0.5 2.40946275083e-09
0.55 2.47649891283e-09
0.6 2.53713826811e-09
0.65 2.59298262561e-09
0.7 2.64529070156e-09
0.75 2.69496793671e-09
0.8 2.74285624696e-09
0.85 2.78973206644e-09
0.9 2.83630888445e-09
0.95 2.8832743985e-09
1.0 2.93134069807e-09
1.05 2.98133365976e-09
1.1 3.03436958476e-09
1.15 3.09220301052e-09
1.2 3.15786092355e-09
1.25 3.23651438996e-09
1.3 3.33544411281e-09
1.35 3.45877498457e-09
1.4 3.59268775635e-09
1.45 3.57571040957e-09
1.5 3.72882745106e-09
1.55 3.97767464654e-09
1.6 1.27292816739e-08
1.65 1.32721015151e-08
1.7 5.08396025429e-09
1.75 3.02950329461e-08
1.8 0.0279090231252
1.85 0.0482076998643
1.9 0.195486227027
1.95 0.255231286152
2.0 0.25523129221
0.0 0.0