0 0.0
0.05 -4.82473644969e-08
0.1 3.88962351349e-11
0.15 5.94060168848e-11
0.2 8.00236369765e-11
0.25 1.01250271605e-10
0.3 1.22974076637e-10
0.35 1.4482651882e-10
0.4 1.6672831193e-10
0.45 1.88728952789e-10
0.5 2.10759614942e-10
0.55 2.32768086806e-10
0.6 2.54667168422e-10
0.65 2.76539086965e-10
0.7 2.9825454091e-10
0.75 3.19828860637e-10
0.8 3.41215339846e-10
0.85 3.62448258622e-10
0.9 3.83475828081e-10
0.95 4.04329840293e-10
1.0 4.24993290137e-10
1.05 4.45492631324e-10
1.1 4.65812923825e-10
1.15 4.85989698569e-10
1.2 5.06020924604e-10
1.25 5.25918877217e-10
1.3 5.45719764387e-10
1.35 5.6542029301e-10
1.4 5.8507505651e-10
1.45 6.04660846168e-10
1.5 6.2426523515e-10
1.55 6.43776053355e-10
1.6 6.63330356816e-10
1.65 6.82687270978e-10
1.7 7.02463542555e-10
1.75 7.22102080221e-10
1.8 8.60943513786e-10
1.85 7.61472738023e-10
1.9 7.81247771154e-10
1.95 2.98855037111e-08
2.0 8.20328010845e-10
0.0 0.0