0 0.0
0.05 5.48511973267e-08
0.1 5.78286474796e-08
0.15 6.09046594587e-08
0.2 1.21827491939e-10
0.25 1.5811628423e-10
0.3 1.8772510463e-10
0.35 2.22661547747e-10
0.4 2.59003628021e-10
0.45 2.95934508207e-10
0.5 3.34187224284e-10
0.55 3.7392507049e-10
0.6 4.14488169509e-10
0.65 4.56361693231e-10
0.7 4.99593909634e-10
0.75 5.4437668696e-10
0.8 5.9010753357e-10
0.85 6.37725134265e-10
0.9 6.86815174802e-10
0.95 7.37467957065e-10
1.0 7.89577362637e-10
1.05 8.42771145387e-10
1.1 8.97517713508e-10
1.15 9.53784617347e-10
1.2 1.01165421257e-09
1.25 1.07117014444e-09
1.3 1.1324109772e-09
1.35 1.19540211109e-09
1.4 1.26020899051e-09
1.45 1.32688790373e-09
1.5 1.38706603873e-09
1.55 1.42563196103e-09
1.6 1.45725582381e-09
1.65 1.48799684067e-09
1.7 1.51792754492e-09
1.75 1.54676544641e-09
1.8 1.57457621583e-09
1.85 1.60127325288e-09
1.9 1.62677557584e-09
1.95 1.6509689054e-09
2.0 1.70236273716e-09
0.0 0.0