0 0.0
0.05 5.80663065428e-09
0.1 2.60302853724e-11
0.15 4.30850672972e-11
0.2 9.92323949858e-09
0.25 1.12843897625e-08
0.3 1.26428792616e-08
0.35 1.40002641431e-08
0.4 1.53580301035e-08
0.45 1.67175365492e-08
0.5 1.80800718346e-08
0.55 1.94468064628e-08
0.6 2.08188146423e-08
0.65 2.21970810302e-08
0.7 2.35824875751e-08
0.75 2.49758138014e-08
0.8 2.6419953558e-08
0.85 2.80252261406e-08
0.9 2.96618332719e-08
0.95 3.13306253187e-08
1.0 3.30324052179e-08
1.05 3.47679064544e-08
1.1 3.65413998017e-08
1.15 3.83531624384e-08
1.2 4.02012383997e-08
1.25 4.20861785347e-08
1.3 4.40085109837e-08
1.35 4.59687345486e-08
1.4 4.79673103373e-08
1.45 5.00047012619e-08
1.5 5.20813438757e-08
1.55 5.41976715275e-08
1.6 5.6354141721e-08
1.65 5.85511902614e-08
1.7 6.07930214372e-08
1.75 6.3086319257e-08
1.8 6.54229329955e-08
1.85 6.34261374412e-10
1.9 7.02286608105e-08
1.95 6.8310819996e-10
2.0 7.08425084517e-10
0.0 0.0