0 0.0
0.05 1.07458542397e-10
0.1 2.06716845222e-10
0.15 2.99921515023e-10
0.2 3.8883300838e-10
0.25 4.74944145511e-10
0.3 5.59550101997e-10
0.35 6.44204927936e-10
0.4 7.30121428733e-10
0.45 8.18553606477e-10
0.5 9.1078883584e-10
0.55 1.00825954537e-09
0.6 1.11260132013e-09
0.65 1.22574065721e-09
0.7 1.35001685423e-09
0.75 1.4883658521e-09
0.8 1.64462206646e-09
0.85 1.82406240015e-09
0.9 2.03448173838e-09
0.95 2.28845141819e-09
1.0 2.60787414373e-09
1.05 3.02840661156e-09
1.1 3.5947618145e-09
1.15 4.62842162395e-09
1.2 7.90137779199e-09
1.25 1.78500380774e-08
1.3 2.6511077712e-08
1.35 0.0473915305817
1.4 0.0675773650223
1.45 0.0958104677759
1.5 0.128721092317
1.55 0.421089035677
1.6 0.444990769383
1.65 0.448877276308
1.7 0.489888890687
1.75 0.489888998477
1.8 0.495127167265
1.85 0.553028630763
1.9 0.553028851349
1.95 0.569078573745
2.0 0.708733792319
0.0 0.0