0 0.0
0.05 0.00728470265206
0.1 0.0165773267501
0.15 0.0781106291562
0.2 0.118059499486
0.25 0.122709817631
0.3 0.207110524837
0.35 0.229507388376
0.4 0.372852900019
0.45 0.438267961798
0.5 0.441320737756
0.55 0.472849260876
0.6 0.509489789351
0.65 0.52876005197
0.7 0.528760258378
0.75 0.538849892238
0.8 0.546928469791
0.85 0.563686619305
0.9 0.563686696164
0.95 0.566915741985
1.0 0.603095079173
1.05 0.605563652969
1.1 0.685822114907
1.15 0.81681681683
1.2 0.843625593239
1.25 1.01194542699
1.3 1.0789555982
1.35 1.11230670883
1.4 1.15849571805
1.45 1.17009846721
1.5 1.17009850708
1.55 1.26341591908
1.6 1.29744933302
1.65 1.35076646721
1.7 1.3523876066
1.75 1.35238990598
1.8 1.35239006254
1.85 1.352389988
1.9 1.37138254344
1.95 1.37138262313
2.0 1.37138268553
0.0 0.0