0 0.0
0.05 9.93960014295e-09
0.1 0.165709001263
0.15 0.254679459692
0.2 0.283526335083
0.25 0.311256940325
0.3 0.311257263652
0.35 0.317213046905
0.4 0.327305621313
0.45 0.568696385745
0.5 0.568696447029
0.55 0.568696458869
0.6 0.568696458958
0.65 0.568696459561
0.7 0.568696461094
0.75 0.568696462208
0.8 0.568696463078
0.85 0.568696462988
0.9 0.568696463125
0.95 0.568696463498
1.0 0.568696463777
1.05 0.568696463971
1.1 0.568696464388
1.15 0.568696464408
1.2 0.568696464575
1.25 0.568696464839
1.3 0.568696464959
1.35 0.568696465092
1.4 0.568696465159
1.45 0.568696465211
1.5 0.568696465515
1.55 0.568696465212
1.6 0.568696465254
1.65 0.568696465461
1.7 0.568696465387
1.75 0.568696467568
1.8 0.568696465367
1.85 0.568696465628
1.9 0.568696465953
1.95 0.568696466448
2.0 0.5686964661
0.0 0.0