0 0.0
0.05 6.84261600856e-08
0.1 6.83623966443e-08
0.15 6.78723688761e-08
0.2 6.69592777894e-08
0.25 6.56371363078e-08
0.3 6.39151794086e-08
0.35 6.18191724866e-08
0.4 5.93849996096e-08
0.45 5.794870483e-08
0.5 5.71084072959e-08
0.55 5.614868812e-08
0.6 5.50786028765e-08
0.65 5.39147152331e-08
0.7 5.26441740453e-08
0.75 5.12654917381e-08
0.8 4.97693421984e-08
0.85 4.81347073654e-08
0.9 4.63229291364e-08
0.95 4.42672752141e-08
1.0 4.18509875684e-08
1.05 3.88488397957e-08
1.1 3.47129666612e-08
1.15 2.77477734835e-08
1.2 2.73159511558e-08
1.25 3.21286530609e-08
1.3 3.72469957746e-08
1.35 5.62574057805e-08
1.4 1.27363767456e-07
1.45 1.27646312144e-09
1.5 1.955181266e-09
1.55 2.61626292084e-09
1.6 3.25432835177e-09
1.65 3.86716639681e-09
1.7 4.42758737296e-09
1.75 4.97176206446e-09
1.8 5.50026845159e-09
1.85 6.01384278644e-09
1.9 6.51310944808e-09
1.95 6.9986830014e-09
2.0 7.47091712863e-09
0.0 0.0