0 0.0
0.05 3.8988501884e-08
0.1 4.21171735483e-08
0.15 4.32536536484e-08
0.2 4.3724910332e-08
0.25 4.4016428517e-08
0.3 4.42127342416e-08
0.35 4.43525199483e-08
0.4 4.44482295299e-08
0.45 4.45179886298e-08
0.5 4.4578227355e-08
0.55 4.46306284316e-08
0.6 4.46768730414e-08
0.65 4.47182691042e-08
0.7 4.47556748031e-08
0.75 4.47900354406e-08
0.8 4.48220662509e-08
0.85 4.48523789231e-08
0.9 4.48815245884e-08
0.95 4.49099779319e-08
1.0 4.49389339686e-08
1.05 4.49741372518e-08
1.1 4.50134985289e-08
1.15 4.50504613433e-08
1.2 4.50864520118e-08
1.25 4.51201138851e-08
1.3 4.51616479396e-08
1.35 4.52209332492e-08
1.4 4.53157298519e-08
1.45 4.54633935357e-08
1.5 4.60277580562e-08
1.55 4.64706669524e-08
1.6 4.60425157916e-08
1.65 4.52547602388e-08
1.7 4.53025485928e-08
1.75 4.53555635661e-08
1.8 4.54363249297e-08
1.85 4.56349184749e-08
1.9 4.65186654044e-08
1.95 5.07009819526e-08
2.0 0.015778635994
0.0 0.0