0 0.0
0.05 -2.88073653969e-08
0.1 2.73867010343e-11
0.15 -2.60272245772e-08
0.2 -2.45894656621e-08
0.25 7.05329289741e-11
0.3 8.54363243655e-11
0.35 1.00842198249e-10
0.4 1.16585654614e-10
0.45 1.32532282681e-10
0.5 1.48835937069e-10
0.55 1.65382038631e-10
0.6 1.82347810654e-10
0.65 1.99661404647e-10
0.7 2.17245975655e-10
0.75 2.35190625684e-10
0.8 2.5348773716e-10
0.85 2.72157563043e-10
0.9 2.91186701532e-10
0.95 3.10616576452e-10
1.0 3.30459520876e-10
1.05 3.50734241169e-10
1.1 3.71444768381e-10
1.15 3.92612102499e-10
1.2 4.14264343486e-10
1.25 4.36430012565e-10
1.3 4.5907220129e-10
1.35 4.82296111319e-10
1.4 5.060449789e-10
1.45 5.30388167593e-10
1.5 5.55377775087e-10
1.55 5.8096059922e-10
1.6 6.07184292072e-10
1.65 6.34024992197e-10
1.7 6.61520916274e-10
1.75 6.89633573569e-10
1.8 7.18394699208e-10
1.85 7.47773486225e-10
1.9 7.77780917118e-10
1.95 8.08643032905e-10
2.0 8.40423239541e-10
0.0 0.0