0 0.0
0.05 -4.8004471509e-08
0.1 -4.481593463e-08
0.15 9.5411345491e-11
0.2 1.2673190275e-10
0.25 -3.52968786976e-08
0.3 -3.21107595513e-08
0.35 -2.89177702895e-08
0.4 -2.57181158592e-08
0.45 -2.25120151409e-08
0.5 -1.93288736683e-08
0.55 3.48979234399e-10
0.6 3.79764275582e-10
0.65 4.11481848595e-10
0.7 4.44078163131e-10
0.75 4.77380468489e-10
0.8 5.11561348837e-10
0.85 5.46495959597e-10
0.9 5.82288717244e-10
0.95 6.18962825438e-10
1.0 6.56458831738e-10
1.05 6.94787782862e-10
1.1 7.34046878836e-10
1.15 7.74210473509e-10
1.2 8.15260858822e-10
1.25 8.57181325919e-10
1.3 9.00069963006e-10
1.35 9.43853994961e-10
1.4 9.88637838262e-10
1.45 1.0343507717e-09
1.5 1.08105374652e-09
1.55 1.12869097402e-09
1.6 1.17739479277e-09
1.65 1.22701526717e-09
1.7 1.27771687675e-09
1.75 1.32951782916e-09
1.8 1.38227490565e-09
1.85 1.43615819237e-09
1.9 1.491176016e-09
1.95 1.54724877355e-09
2.0 1.6044301443e-09
0.395628814788 0.395628814788