0 0.0
0.05 1.61017888382e-11
0.1 -9.44592042553e-09
0.15 4.79196992037e-11
0.2 6.38202768051e-11
0.25 -4.66404557049e-09
0.3 -3.05294262272e-09
0.35 -1.42871462142e-09
0.4 1.28594384513e-10
0.45 1.45174505921e-10
0.5 1.62026623423e-10
0.55 1.78958313054e-10
0.6 1.96306764435e-10
0.65 2.13953690916e-10
0.7 2.3194799904e-10
0.75 2.50722968372e-10
0.8 2.68816200256e-10
0.85 2.87934417394e-10
0.9 3.07521282342e-10
0.95 3.27610659842e-10
1.0 3.48174870106e-10
1.05 3.69307553707e-10
1.1 3.91004016457e-10
1.15 4.13378030579e-10
1.2 4.36316765688e-10
1.25 4.60011115135e-10
1.3 4.84387696979e-10
1.35 5.09495268171e-10
1.4 5.35363665359e-10
1.45 5.61992098568e-10
1.5 5.89342868373e-10
1.55 6.17487905763e-10
1.6 6.46417591874e-10
1.65 6.76163318732e-10
1.7 7.06781416904e-10
1.75 7.38273154566e-10
1.8 7.70589755004e-10
1.85 8.03806666695e-10
1.9 8.37918693216e-10
1.95 8.72943093694e-10
2.0 9.02969652787e-10
0.0 0.0