0 0.0
0.05 0.00765124457639
0.1 0.0791615036421
0.15 0.166666403833
0.2 0.21591697105
0.25 0.21591698803
0.3 0.245484204488
0.35 0.380477449815
0.4 0.38047775509
0.45 0.380477905417
0.5 0.441679196823
0.55 0.441679191635
0.6 0.460465783946
0.65 0.478759422933
0.7 0.478759495215
0.75 0.507495456581
0.8 0.533889501874
0.85 0.606624403847
0.9 0.719046759766
0.95 0.745270781511
1.0 0.80332680464
1.05 0.841068435242
1.1 0.910628058083
1.15 0.915130624999
1.2 0.956483876515
1.25 0.956483889931
1.3 0.956483892609
1.35 0.956486165849
1.4 0.995045320248
1.45 1.08821831107
1.5 1.18334272269
1.55 1.22496937854
1.6 1.22547852429
1.65 1.23181299716
1.7 1.2476339791
1.75 1.25284504947
1.8 1.25284510389
1.85 1.25284514871
1.9 1.25284596264
1.95 1.2774857446
2.0 1.30077415592
0.0 0.0