0 0.0
0.05 1.9733624326e-10
0.1 4.27642379584e-10
0.15 7.03361239608e-10
0.2 1.04511784233e-09
0.25 1.48802548713e-09
0.3 2.09614497627e-09
0.35 2.99872162044e-09
0.4 4.63212546361e-09
0.45 8.15599457191e-09
0.5 3.49560155246e-09
0.55 0.00256221640939
0.6 0.0265163629664
0.65 0.241780599971
0.7 0.247029449367
0.75 0.260743900938
0.8 0.317932655325
0.85 0.420354671097
0.9 0.774161459238
0.95 0.852065313558
1.0 0.875643774609
1.05 0.87564412085
1.1 1.02087592432
1.15 1.12397271966
1.2 1.14435820471
1.25 1.18120386398
1.3 1.28450423613
1.35 1.32482599556
1.4 1.34616027662
1.45 1.34616030439
1.5 1.34616031864
1.55 1.36095934013
1.6 1.43640398362
1.65 1.50340526443
1.7 1.5058085799
1.75 1.53887954212
1.8 1.66790814917
1.85 1.73400744062
1.9 1.73400766145
1.95 1.86509195075
2.0 1.86634238774
0.0 0.0