0 0.0
0.05 1.04533119666e-10
0.1 2.19390474043e-10
0.15 3.47951784542e-10
0.2 4.94700804229e-10
0.25 6.65995935695e-10
0.3 8.71509875104e-10
0.35 1.12437064041e-09
0.4 1.44682952492e-09
0.45 1.87615312904e-09
0.5 2.48115430055e-09
0.55 3.40362682138e-09
0.6 4.98452501881e-09
0.65 8.30425672062e-09
0.7 1.92394779637e-08
0.75 9.32248527091e-08
0.8 0.108221561798
0.85 0.126228794102
0.9 0.254914439603
0.95 0.269823877111
1.0 0.309978155725
1.05 0.327280534035
1.1 0.367527691521
1.15 0.375567922808
1.2 0.443370133044
1.25 0.443370193806
1.3 0.493094567187
1.35 0.523486367822
1.4 0.523489268557
1.45 0.577030513293
1.5 0.589331149508
1.55 0.589331249068
1.6 0.590890672317
1.65 0.590891408165
1.7 0.615872931927
1.75 0.679991013116
1.8 0.730222659938
1.85 0.809931571552
1.9 0.821963755084
1.95 0.937363325915
2.0 1.0725839081
0.0 0.0