0 0.0
0.05 1.45673906543e-08
0.1 1.67192452341e-08
0.15 1.89645018585e-08
0.2 8.78505510219e-11
0.25 2.36800059352e-08
0.3 1.36606641216e-10
0.35 1.62044255556e-10
0.4 1.87875558557e-10
0.45 2.14578348197e-10
0.5 2.41902129625e-10
0.55 2.6966320184e-10
0.6 2.97870671125e-10
0.65 3.26455081936e-10
0.7 3.55055847061e-10
0.75 3.83714226409e-10
0.8 4.1263321427e-10
0.85 4.40761829673e-10
0.9 4.68187319384e-10
0.95 4.94787482902e-10
1.0 5.2057118559e-10
1.05 5.45490314715e-10
1.1 6.91944546123e-08
1.15 7.12380090441e-08
1.2 7.30386908253e-08
1.25 7.45549533022e-08
1.3 7.57397916123e-08
1.35 7.65389132247e-08
1.4 7.68879546905e-08
1.45 7.67088888715e-08
1.5 7.59049081464e-08
1.55 7.4338344897e-08
1.6 7.16990597049e-08
1.65 6.79079050894e-08
1.7 6.26790743071e-08
1.75 5.59682130886e-08
1.8 4.74815692865e-08
1.85 3.56548295568e-08
1.9 1.93558993692e-08
1.95 2.76065258151e-08
2.0 3.96187068135e-08
0.0 0.0