0 0.0
0.05 0.0596437044636
0.1 0.0778166987258
0.15 0.163439557437
0.2 0.186570141994
0.25 0.190409685469
0.3 0.190409701448
0.35 0.347742079552
0.4 0.543019775059
0.45 0.562372942342
0.5 0.593093585632
0.55 0.593093588487
0.6 0.593093603325
0.65 0.593093608452
0.7 0.593093610752
0.75 0.593093612019
0.8 0.593093612818
0.85 0.593093613386
0.9 0.593093613746
0.95 0.593093613946
1.0 0.593093614138
1.05 0.593093614332
1.1 0.593093614542
1.15 0.593093614775
1.2 0.593093614873
1.25 0.593093614943
1.3 0.593093615043
1.35 0.593093615165
1.4 0.593093615263
1.45 0.593093615296
1.5 0.593093615305
1.55 0.593093615137
1.6 0.59309361517
1.65 0.593093615203
1.7 0.59309361523
1.75 0.593093615251
1.8 0.593093615269
1.85 0.593093615245
1.9 0.593093615267
1.95 0.593093615314
2.0 0.593093615286
-1.7600035757 -1.7600035757