0 0.0
0.05 9.61983756583e-08
0.1 9.86108648387e-08
0.15 1.00969699464e-07
0.2 2.11009075119e-10
0.25 1.05486658028e-07
0.3 3.12062440397e-10
0.35 1.09667013668e-07
0.4 1.11604550604e-07
0.45 1.13426286869e-07
0.5 1.15121980575e-07
0.55 2.29387544047e-10
0.6 1.17975664119e-07
0.65 1.19150914697e-07
0.7 1.20153593479e-07
0.75 1.20979510977e-07
0.8 1.21626250318e-07
0.85 1.22093131807e-07
0.9 1.22381349143e-07
0.95 1.22494040679e-07
1.0 1.22710517578e-07
1.05 1.24488211906e-07
1.1 1.26218999463e-07
1.15 1.27898479969e-07
1.2 1.29522824813e-07
1.25 1.31088907714e-07
1.3 1.32594357474e-07
1.35 1.34037702682e-07
1.4 1.35418473018e-07
1.45 1.36758724422e-07
1.5 1.38071195913e-07
1.55 1.39327699014e-07
1.6 1.40532005558e-07
1.65 1.4168944811e-07
1.7 1.42806728159e-07
1.75 1.43938621103e-07
1.8 1.45149388841e-07
1.85 1.4636477444e-07
1.9 1.47600593635e-07
1.95 1.48874665421e-07
2.0 1.50207081502e-07
0.0 0.0