0 0.0
0.05 -7.08931913174e-10
0.1 7.20947980204e-08
0.15 0.00872210047139
0.2 0.0108907816279
0.25 0.0190289861603
0.3 0.0611994277211
0.35 0.0654056514592
0.4 0.256167613245
0.45 0.404031741985
0.5 0.440238087831
0.55 0.601903473851
0.6 0.619244977005
0.65 0.645422364071
0.7 0.834176809689
0.75 0.951566134645
0.8 0.968628773066
0.85 0.968628789073
0.9 0.9786242019
0.95 0.983902966436
1.0 0.984959743081
1.05 0.984959748709
1.1 0.984959749621
1.15 0.984959749883
1.2 0.98495975003
1.25 0.984959750135
1.3 0.984959750218
1.35 0.984959750288
1.4 0.984959750322
1.45 0.984959750358
1.5 0.984959750403
1.55 0.984959750559
1.6 0.984959749625
1.65 0.984959748649
1.7 0.984959750578
1.75 0.984959748668
1.8 0.984959750291
1.85 0.984959750585
1.9 0.984959750585
1.95 0.984959750295
2.0 0.984959750496
-1.13123472137 -1.13123472137