0 0.0
0.05 5.49487426213e-09
0.1 7.06073489659e-09
0.15 8.62314538653e-09
0.2 6.24355867533e-11
0.25 1.1744629053e-08
0.3 1.33068123208e-08
0.35 1.48717572199e-08
0.4 1.64405585726e-08
0.45 1.8014141373e-08
0.5 1.95931878068e-08
0.55 2.11781760475e-08
0.6 2.27693209296e-08
0.65 2.43641776311e-08
0.7 2.59642918744e-08
0.75 2.75700327565e-08
0.8 2.91805218933e-08
0.85 3.07946332486e-08
0.9 3.24109880003e-08
0.95 3.40280102548e-08
1.0 3.56438578528e-08
1.05 3.7256544051e-08
1.1 3.8863842538e-08
1.15 4.04634369571e-08
1.2 4.20527665172e-08
1.25 4.36292673057e-08
1.3 4.5190181017e-08
1.35 4.67327212337e-08
1.4 4.82540251331e-08
1.45 4.97512132427e-08
1.5 5.12213458351e-08
1.55 5.2666524743e-08
1.6 5.41298345832e-08
1.65 5.55626955649e-08
1.7 5.6962360769e-08
1.75 5.83261420442e-08
1.8 5.96513162996e-08
1.85 6.09353087248e-08
1.9 6.21755203567e-08
1.95 6.33694343895e-08
2.0 6.45145783398e-08
0.0 0.0