0 0.0
0.05 5.83292226922e-08
0.1 6.03011482343e-08
0.15 6.00562130483e-11
0.2 6.42525859213e-08
0.25 6.62295733784e-08
0.3 6.82056700451e-08
0.35 7.01795652982e-08
0.4 7.21499369865e-08
0.45 7.41154480411e-08
0.5 7.60747587263e-08
0.55 7.80265185545e-08
0.6 7.99694078721e-08
0.65 8.19020843977e-08
0.7 8.38232204535e-08
0.75 8.57315020271e-08
0.8 8.76255992997e-08
0.85 8.95042380221e-08
0.9 9.13661286377e-08
0.95 9.32099677336e-08
1.0 9.50345100322e-08
1.05 9.68384962358e-08
1.1 9.86206898083e-08
1.15 1.00379866786e-07
1.2 1.02114822063e-07
1.25 1.0382434978e-07
1.3 1.05507262452e-07
1.35 1.07162406695e-07
1.4 1.08788622573e-07
1.45 1.10384787465e-07
1.5 1.11949782426e-07
1.55 1.13482516633e-07
1.6 1.14981899587e-07
1.65 1.16506741604e-07
1.7 1.18009389029e-07
1.75 1.19480127772e-07
1.8 1.2091805556e-07
1.85 1.22322321438e-07
1.9 1.23692047086e-07
1.95 1.25026430719e-07
2.0 1.26324637729e-07
0.0 0.0