0 0.0
0.05 0.00639477913611
0.1 0.0337276881048
0.15 0.067069101915
0.2 0.0942774594406
0.25 0.107005771791
0.3 0.132273343493
0.35 0.142030540984
0.4 0.142030781977
0.45 0.142030638718
0.5 0.180221698794
0.55 0.220077021608
0.6 0.326680617926
0.65 0.450304255481
0.7 0.483724894657
0.75 0.501988729279
0.8 0.502402695396
0.85 0.534379212936
0.9 0.907747191988
0.95 1.13253142518
1.0 1.23078277449
1.05 1.2621478838
1.1 1.27394464469
1.15 1.27394486336
1.2 1.31716689681
1.25 1.36897055115
1.3 1.39254693399
1.35 1.39254696789
1.4 1.46698194851
1.45 1.47010115016
1.5 1.52167407243
1.55 1.59589117829
1.6 1.6748940489
1.65 1.68815163359
1.7 1.68833663666
1.75 1.68833664087
1.8 1.68870468438
1.85 1.69148230461
1.9 1.69228291695
1.95 1.69437429634
2.0 1.69437459005
1.31639335079 1.31639335079