0 0.0
0.05 2.24156588609e-09
0.1 3.65258917004e-09
0.15 3.30301360332e-09
0.2 5.6078848107e-11
0.25 7.77399799009e-09
0.3 9.11803857541e-09
0.35 1.04505853196e-08
0.4 1.17734666526e-08
0.45 1.30883794006e-08
0.5 1.43968802589e-08
0.55 1.57003699898e-08
0.6 1.70001500806e-08
0.65 1.82973324483e-08
0.7 1.95929240851e-08
0.75 2.08877825809e-08
0.8 2.23224948726e-08
0.85 2.37952473277e-08
0.9 2.52868604091e-08
0.95 2.67976785344e-08
1.0 2.83278560171e-08
1.05 2.98774910414e-08
1.1 3.14465443629e-08
1.15 3.30348650717e-08
1.2 3.46422204992e-08
1.25 3.6268268435e-08
1.3 3.79125827275e-08
1.35 3.95842831566e-08
1.4 4.12758832676e-08
1.45 4.29844014485e-08
1.5 4.47091475692e-08
1.55 4.6449438962e-08
1.6 4.82045558737e-08
1.65 4.99737838145e-08
1.7 5.17564161745e-08
1.75 5.35517509569e-08
1.8 5.53591198449e-08
1.85 5.71778869084e-08
1.9 5.90074570795e-08
1.95 6.08472917788e-08
2.0 6.26968791426e-08
0.0 0.0