0 0.0
0.05 5.75799881108e-08
0.1 5.88187740735e-08
0.15 5.99150684621e-08
0.2 6.08699750604e-08
0.25 6.16853803592e-08
0.3 6.23639662134e-08
0.35 6.29091270188e-08
0.4 6.33323506971e-08
0.45 6.36307508906e-08
0.5 6.38127117814e-08
0.55 6.40226593962e-08
0.6 6.4411487255e-08
0.65 6.4762617491e-08
0.7 6.50884104392e-08
0.75 6.58840006995e-08
0.8 6.67660089437e-08
0.85 6.76111560072e-08
0.9 6.84220278213e-08
0.95 6.92013086834e-08
1.0 6.99518427627e-08
1.05 7.0676436259e-08
1.1 7.13779142458e-08
1.15 7.20589874437e-08
1.2 7.27222810859e-08
1.25 7.33703220401e-08
1.3 7.40055094983e-08
1.35 7.4630121194e-08
1.4 7.52462296916e-08
1.45 7.58558569292e-08
1.5 7.64608125703e-08
1.55 7.70627934799e-08
1.6 7.76632858024e-08
1.65 7.82636302432e-08
1.7 7.88649956451e-08
1.75 7.946825753e-08
1.8 8.00740918017e-08
1.85 8.06828799327e-08
1.9 8.14204590416e-08
1.95 8.28634993955e-08
2.0 8.43707599341e-08
-1.29013547124 -1.29013547124