0 0.0
0.05 5.17960018806e-08
0.1 5.6837073527e-11
0.15 8.73145659706e-11
0.2 1.19149530042e-10
0.25 1.52298631097e-10
0.3 1.87179844753e-10
0.35 2.23625818087e-10
0.4 2.61431315448e-10
0.45 3.0088828974e-10
0.5 3.41930636447e-10
0.55 3.84543701946e-10
0.6 4.29239917816e-10
0.65 4.75890345203e-10
0.7 5.24316390725e-10
0.75 5.51348770322e-10
0.8 5.70913957342e-10
0.85 5.90290517398e-10
0.9 6.09568304522e-10
0.95 6.28610337383e-10
1.0 6.4751683636e-10
1.05 6.66283796561e-10
1.1 6.84802911917e-10
1.15 7.03180945082e-10
1.2 7.21381933287e-10
1.25 7.39520839319e-10
1.3 7.57437321869e-10
1.35 7.75187637826e-10
1.4 7.92801945468e-10
1.45 8.10219429823e-10
1.5 8.27479653481e-10
1.55 8.44627002469e-10
1.6 8.61649949707e-10
1.65 8.78557825125e-10
1.7 8.95225433784e-10
1.75 9.11790610606e-10
1.8 9.28260721697e-10
1.85 9.44792870163e-10
1.9 9.60728100291e-10
1.95 9.76789472463e-10
2.0 9.92561819995e-10
0.0 0.0