0 0.0
0.05 -3.66218938281e-08
0.1 -3.49083017244e-08
0.15 5.15434077191e-11
0.2 6.88107531909e-11
0.25 8.31762142018e-11
0.3 1.03190746185e-10
0.35 1.20717527798e-10
0.4 1.38277983138e-10
0.45 1.54122348501e-10
0.5 1.73593639709e-10
0.55 1.91562566699e-10
0.6 2.09518726809e-10
0.65 2.27741533205e-10
0.7 2.46057204593e-10
0.75 2.64502343008e-10
0.8 2.83142025902e-10
0.85 3.01959751801e-10
0.9 3.21057588273e-10
0.95 3.40404677377e-10
1.0 3.60001423329e-10
1.05 3.79904217164e-10
1.1 4.00097569273e-10
1.15 4.20671282567e-10
1.2 4.41613846422e-10
1.25 4.63036606811e-10
1.3 4.8492416139e-10
1.35 5.07359274446e-10
1.4 5.30372308115e-10
1.45 5.53965454601e-10
1.5 5.78193563947e-10
1.55 6.03120856345e-10
1.6 6.28732167583e-10
1.65 6.5506918767e-10
1.7 6.82188772527e-10
1.75 7.10109936447e-10
1.8 7.38876681646e-10
1.85 7.68481434067e-10
1.9 7.98971671494e-10
1.95 8.30370829895e-10
2.0 8.62694889079e-10
0.0 0.0