0 0.0
0.05 0.0144228423474
0.1 0.0583929728426
0.15 0.102152341493
0.2 0.102152343348
0.25 0.102152348481
0.3 0.102152348537
0.35 0.102152349019
0.4 0.102152349341
0.45 0.102152349614
0.5 0.102152349842
0.55 0.102152350033
0.6 0.102152350192
0.65 0.102152350309
0.7 0.10215235041
0.75 0.102152350499
0.8 0.102152350579
0.85 0.102152350651
0.9 0.102152350717
0.95 0.102152350779
1.0 0.102152350837
1.05 0.102152350892
1.1 0.102152350946
1.15 0.102152350999
1.2 0.102152351051
1.25 0.102152351114
1.3 0.102152351181
1.35 0.102152351256
1.4 0.102152351264
1.45 0.102152351565
1.5 0.10215235101
1.55 0.102152351047
1.6 0.102152351079
1.65 0.102152351104
1.7 0.102152351126
1.75 0.102152351148
1.8 0.102152351167
1.85 0.102152351182
1.9 0.102152351204
1.95 0.102152351285
2.0 0.102152351491
0.0 0.0