0 0.0
0.05 1.4802827882e-11
0.1 2.90074441056e-11
0.15 4.36012829147e-11
0.2 5.83128273222e-11
0.25 7.30568802953e-11
0.3 8.80044904308e-11
0.35 1.02821853682e-10
0.4 -8.54315380718e-09
0.45 1.32942044886e-10
0.5 1.48557602078e-10
0.55 1.63401810045e-10
0.6 1.78830366679e-10
0.65 1.94368521966e-10
0.7 2.10030832301e-10
0.75 2.25867240281e-10
0.8 2.42102922304e-10
0.85 2.58515336729e-10
0.9 2.75123130731e-10
0.95 2.92037905447e-10
1.0 3.09171460199e-10
1.05 3.26576563864e-10
1.1 3.44250009765e-10
1.15 3.62228907929e-10
1.2 3.80515015408e-10
1.25 3.99116822663e-10
1.3 4.18063680209e-10
1.35 4.37336466825e-10
1.4 4.56987964639e-10
1.45 4.76999183816e-10
1.5 4.97370487782e-10
1.55 5.18149018686e-10
1.6 5.3932945371e-10
1.65 5.60914276335e-10
1.7 5.82906513484e-10
1.75 6.05330514557e-10
1.8 6.28146838267e-10
1.85 6.51393412171e-10
1.9 6.75057667675e-10
1.95 6.99145377395e-10
2.0 7.23635697607e-10
0.0 0.0