0 0.0
0.05 0.070277714686
0.1 0.0718718695832
0.15 0.0931121592414
0.2 0.0973788123403
0.25 0.129809158406
0.3 0.372438636314
0.35 0.398524917973
0.4 0.447750546813
0.45 0.545051861805
0.5 0.706003929188
0.55 0.706004051768
0.6 0.835933344301
0.65 0.839162527461
0.7 0.945130153345
0.75 0.972255073752
0.8 0.974573337486
0.85 0.97475299888
0.9 0.990331692406
0.95 0.990331994336
1.0 0.990332004088
1.05 0.99033201121
1.1 1.10751166514
1.15 1.16793219736
1.2 1.23026077207
1.25 1.25274291171
1.3 1.25274294315
1.35 1.25274297076
1.4 1.25274294119
1.45 1.25274294735
1.5 1.25600570202
1.55 1.26933595729
1.6 1.26933616059
1.65 1.28605742442
1.7 1.29422817305
1.75 1.4445464466
1.8 1.45316044979
1.85 1.51298100458
1.9 1.65473465253
1.95 1.68695842641
2.0 1.78501059044
0.841733307676 0.841733307676