0 0.0
0.05 -1.01863721014e-07
0.1 5.15143483426e-11
0.15 -9.65296429456e-08
0.2 -9.37296706915e-08
0.25 1.35682132196e-10
0.3 1.64161351179e-10
0.35 -8.48962486977e-08
0.4 -8.1823785969e-08
0.45 -7.86942329078e-08
0.5 2.85775625386e-10
0.55 3.2038882658e-10
0.6 -6.31631147385e-09
0.65 3.79329012645e-10
0.7 -6.24159082196e-08
0.75 -5.90813737933e-08
0.8 -5.57372015209e-08
0.85 5.19606135896e-10
0.9 -4.90513447637e-08
0.95 -4.5726560538e-08
1.0 -4.24262707188e-08
1.05 -3.91609791262e-08
1.1 -3.59425684771e-08
1.15 -3.27847684556e-08
1.2 -2.97038738051e-08
1.25 -2.67198079218e-08
1.3 -2.37825892313e-08
1.35 -2.06980750317e-08
1.4 -1.75605274766e-08
1.45 -1.43737388658e-08
1.5 -1.11414950599e-08
1.55 -7.86755971482e-09
1.6 -4.55486337536e-09
1.65 -1.20750276444e-09
1.7 2.1551052054e-09
1.75 5.52796675102e-09
1.8 8.89154949668e-09
1.85 1.2199152799e-08
1.9 1.54916843798e-08
1.95 1.87681552521e-08
2.0 2.2027623503e-08
1.27094832144 1.27094832144