0 0.0
0.05 1.26914314337e-10
0.1 2.39367614236e-10
0.15 3.40940858488e-10
0.2 4.34355575921e-10
0.25 5.2173345609e-10
0.3 6.04857749592e-10
0.35 6.85208697101e-10
0.4 7.64088958687e-10
0.45 8.42699877736e-10
0.5 9.22198238243e-10
0.55 1.0037443598e-09
0.6 1.08854472658e-09
0.65 1.17789165003e-09
0.7 1.27320182802e-09
0.75 1.37605780727e-09
0.8 1.48826094991e-09
0.85 1.6119172099e-09
0.9 1.74959149941e-09
0.95 1.90457986976e-09
1.0 2.08137187987e-09
1.05 2.2864137596e-09
1.1 2.52798557196e-09
1.15 2.80552472623e-09
1.2 3.22693888378e-09
1.25 4.32918940988e-09
1.3 5.87429846175e-09
1.35 4.29749873592e-09
1.4 0.00596118932952
1.45 0.263833785763
1.5 0.271688398404
1.55 0.380124513059
1.6 0.4074326877
1.65 0.417119022392
1.7 0.46397932418
1.75 0.475949689512
1.8 0.543261690944
1.85 0.614709125475
1.9 0.893766515345
1.95 0.989645614398
2.0 1.19580059575
0.0 0.0