0 0.0
0.05 1.78006230013e-11
0.1 8.28588739896e-09
0.15 5.40074702468e-11
0.2 7.27826175689e-11
0.25 1.1984396901e-10
0.3 1.5900634648e-08
0.35 1.63761674297e-10
0.4 1.52725857236e-10
0.45 1.7431782439e-10
0.5 2.02719028901e-10
0.55 2.19310626163e-10
0.6 2.61662797423e-10
0.65 2.67451064906e-10
0.7 2.9274620069e-10
0.75 3.18854529164e-10
0.8 3.45915857983e-10
0.85 3.73950281476e-10
0.9 4.02915784312e-10
0.95 4.33032200718e-10
1.0 4.64162959727e-10
1.05 4.96464311769e-10
1.1 5.30041025737e-10
1.15 5.64710276778e-10
1.2 6.00970366772e-10
1.25 6.38610054865e-10
1.3 6.77530624554e-10
1.35 7.18029994529e-10
1.4 7.60037988621e-10
1.45 8.03752673417e-10
1.5 8.36821493945e-10
1.55 8.67112646243e-10
1.6 8.97626954459e-10
1.65 9.28839102784e-10
1.7 9.60973776239e-10
1.75 9.92408632858e-10
1.8 1.02417782672e-09
1.85 1.05607486707e-09
1.9 1.08783703172e-09
1.95 1.11970250691e-09
2.0 1.15183573803e-09
0.0 0.0