0 0.0
0.05 8.86365603472e-11
0.1 1.81291379577e-10
0.15 2.79698393561e-10
0.2 3.85960349727e-10
0.25 5.02720242473e-10
0.3 6.33414439541e-10
0.35 7.82659823579e-10
0.4 9.56870311283e-10
0.45 1.16527749916e-09
0.5 1.42169895837e-09
0.55 1.74774199063e-09
0.6 2.17888258302e-09
0.65 2.77625471901e-09
0.7 3.64669320315e-09
0.75 4.91914517715e-09
0.8 1.13371430016e-08
0.85 0.0202881359255
0.9 0.0740700218772
0.95 0.150064597273
1.0 0.183484588868
1.05 0.183484588179
1.1 0.195285878708
1.15 0.195286190642
1.2 0.233425113843
1.25 0.286000648636
1.3 0.364298690192
1.35 0.364299274508
1.4 0.366445969724
1.45 0.417921444373
1.5 0.460948963017
1.55 0.465846714923
1.6 0.481928967338
1.65 0.498534589412
1.7 0.505449525906
1.75 0.516320475154
1.8 0.521862569996
1.85 0.724470364843
1.9 0.813421218876
1.95 1.07229021737
2.0 1.09826264443
0.0 0.0