0 0.0
0.05 4.21074326282e-08
0.1 4.36358811278e-08
0.15 4.51691970884e-08
0.2 4.67068608829e-08
0.25 4.82483204302e-08
0.3 4.97929918559e-08
0.35 5.13402993831e-08
0.4 5.28978096913e-08
0.45 5.44612072837e-08
0.5 5.60244024911e-08
0.55 5.75866974914e-08
0.6 5.91473467912e-08
0.65 6.07056565229e-08
0.7 6.22609170064e-08
0.75 6.38124470682e-08
0.8 6.53595739745e-08
0.85 6.69016231517e-08
0.9 6.84379739025e-08
0.95 6.99679735732e-08
1.0 7.14910282498e-08
1.05 7.30065456998e-08
1.1 7.4513950349e-08
1.15 7.60126825915e-08
1.2 7.75022208017e-08
1.25 7.89820464152e-08
1.3 8.04516695509e-08
1.35 8.19105949405e-08
1.4 8.33583921672e-08
1.45 8.47946000177e-08
1.5 8.62188033298e-08
1.55 8.76305826137e-08
1.6 8.90295610586e-08
1.65 9.04153683672e-08
1.7 9.17876373562e-08
1.75 9.314602823e-08
1.8 9.44902119037e-08
1.85 9.58198597854e-08
1.9 9.71346753138e-08
1.95 9.84343644874e-08
2.0 9.97186472964e-08
0.0 0.0