0 0.0
0.05 1.79515955666e-11
0.1 -3.16616050912e-08
0.15 5.62013149384e-11
0.2 7.56643717906e-11
0.25 9.53833435524e-11
0.3 1.15367844805e-10
0.35 1.35465321207e-10
0.4 1.55658714215e-10
0.45 1.75918467082e-10
0.5 1.96204096084e-10
0.55 2.16483619271e-10
0.6 2.35897674661e-10
0.65 2.54750533912e-10
0.7 2.74105332881e-10
0.75 2.93902494101e-10
0.8 3.14204644179e-10
0.85 3.3506450657e-10
0.9 3.56503516031e-10
0.95 3.78564608878e-10
1.0 4.01268245425e-10
1.05 4.24663633295e-10
1.1 4.48796299937e-10
1.15 4.73713730112e-10
1.2 4.99458909426e-10
1.25 5.2609498665e-10
1.3 5.53664470736e-10
1.35 5.82231730599e-10
1.4 6.11867986142e-10
1.45 6.42619190714e-10
1.5 6.74568184237e-10
1.55 7.07759933084e-10
1.6 7.42268640437e-10
1.65 7.78162673525e-10
1.7 8.15514779905e-10
1.75 8.54398009948e-10
1.8 8.94875823605e-10
1.85 9.37002442333e-10
1.9 9.80840780722e-10
1.95 1.02646144766e-09
2.0 1.07390128862e-09
0.0 0.0