0 0.0
0.05 0.00984117810692
0.1 0.00984125764305
0.15 0.0292710832282
0.2 0.0964046169508
0.25 0.117921305068
0.3 0.11792368231
0.35 0.177254352849
0.4 0.270099246951
0.45 0.343993812312
0.5 0.348412106464
0.55 0.403442270951
0.6 0.497739633426
0.65 0.566884018736
0.7 0.566923583915
0.75 0.658830260223
0.8 0.777440616175
0.85 0.92042958129
0.9 1.0412594021
0.95 1.13711292181
1.0 1.28048648892
1.05 1.38464156869
1.1 1.57030122905
1.15 1.72259868918
1.2 1.91841723075
1.25 1.96029032043
1.3 2.03896827754
1.35 2.0945074444
1.4 2.10354423216
1.45 2.13794573008
1.5 2.16292111623
1.55 2.19101058735
1.6 2.21715254854
1.65 2.26360186394
1.7 2.38712919864
1.75 2.48942904766
1.8 2.51078746824
1.85 2.54331846394
1.9 2.657607335
1.95 2.68895013945
2.0 2.813057857
1.47572271608 1.47572271608