0 0.0
0.05 1.15250947057e-10
0.1 2.18177273458e-10
0.15 3.11511248517e-10
0.2 3.97374978083e-10
0.25 4.77474415742e-10
0.3 5.53231698076e-10
0.35 6.25878916075e-10
0.4 6.9650525398e-10
0.45 7.66125400415e-10
0.5 8.35698909865e-10
0.55 9.0618535135e-10
0.6 9.78577865217e-10
0.65 1.05419132789e-09
0.7 1.13393855569e-09
0.75 1.21900745849e-09
0.8 1.31060867677e-09
0.85 1.40981400645e-09
0.9 1.51712092646e-09
0.95 1.63135520431e-09
1.0 1.79807573945e-09
1.05 2.13881229747e-09
1.1 2.66690124904e-09
1.15 3.58060909403e-09
1.2 5.46079842815e-09
1.25 1.01586646952e-08
1.3 0.0108951559281
1.35 0.0358766540159
1.4 0.035876783398
1.45 0.03587688481
1.5 0.0673968268896
1.55 0.0673982897622
1.6 0.151548206694
1.65 0.19897887241
1.7 0.198978940558
1.75 0.198978940646
1.8 0.198978984332
1.85 0.198979010371
1.9 0.201501871348
1.95 0.209348733203
2.0 0.245831699877
0.0 0.0