0 0.0
0.05 1.03766858356e-10
0.1 1.99650877373e-10
0.15 2.89563951715e-10
0.2 3.75097915611e-10
0.25 4.57628691619e-10
0.3 5.38395545377e-10
0.35 6.18584477473e-10
0.4 6.99364546359e-10
0.45 7.81956793585e-10
0.5 8.67655609677e-10
0.55 9.57940503566e-10
0.6 1.05455665871e-09
0.65 1.15962881836e-09
0.7 1.27587684009e-09
0.75 1.40683827472e-09
0.8 1.55727692887e-09
0.85 1.73380920767e-09
0.9 1.94647562195e-09
0.95 2.20957125937e-09
1.0 2.5444846065e-09
1.05 2.98548451872e-09
1.1 3.58572511793e-09
1.15 4.40981614754e-09
1.2 5.3328970241e-09
1.25 9.45994576657e-09
1.3 0.0029756899261
1.35 0.0286136002212
1.4 0.21691063484
1.45 0.216911085526
1.5 0.251359757442
1.55 0.290628360658
1.6 0.290712798667
1.65 0.290712837569
1.7 0.324517321736
1.75 0.338585625367
1.8 0.338871245042
1.85 0.391440086874
1.9 0.4009343414
1.95 0.441028222991
2.0 0.550541391316
0.0 0.0