0 0.0
0.05 1.89529487922e-08
0.1 2.9230607573e-11
0.15 2.18946241712e-08
0.2 2.33945739767e-08
0.25 2.49150526978e-08
0.3 8.98199801283e-11
0.35 1.05315629703e-10
0.4 2.9612411657e-08
0.45 3.12287894173e-08
0.5 1.54097997599e-10
0.55 3.45326587345e-08
0.6 1.87341378224e-10
0.65 2.0472812076e-10
0.7 3.96715391535e-08
0.75 2.39782750543e-10
0.8 2.57492931225e-10
0.85 4.50399944402e-08
0.9 3.23202307863e-10
0.95 4.87433391045e-08
1.0 5.06304054936e-08
1.05 3.502753539e-10
1.1 5.44739764974e-08
1.15 5.64298577843e-08
1.2 5.84079684621e-08
1.25 6.04079116805e-08
1.3 6.24292587052e-08
1.35 6.44715237003e-08
1.4 6.65342121879e-08
1.45 5.14116677481e-10
1.5 7.07187875478e-08
1.55 5.5996722227e-10
1.6 7.49792319184e-08
1.65 5.9766919885e-10
1.7 7.89209972326e-08
1.75 8.00076246286e-08
1.8 8.1145054143e-08
1.85 8.23012064524e-08
1.9 8.34305997045e-08
1.95 8.45327163771e-08
2.0 8.56070074852e-08
0.0 0.0