0 0.0
0.05 1.80196138639e-08
0.1 1.93633130533e-08
0.15 2.06861733e-08
0.2 2.19880200914e-08
0.25 2.32701971e-08
0.3 2.45333124754e-08
0.35 2.57770387039e-08
0.4 2.70011255165e-08
0.45 2.82052898158e-08
0.5 2.9627962966e-08
0.55 3.12664529207e-08
0.6 3.29304603451e-08
0.65 3.46204408229e-08
0.7 3.63368150603e-08
0.75 2.36414399582e-10
0.8 3.98503034193e-08
0.85 4.16480648129e-08
0.9 4.34735600954e-08
0.95 4.53449635992e-08
1.0 4.72476050946e-08
1.05 4.91808942259e-08
1.1 5.11451038635e-08
1.15 5.31404823812e-08
1.2 5.51672704159e-08
1.25 5.72256840724e-08
1.3 5.93423498433e-08
1.35 6.15181589063e-08
1.4 6.37307409505e-08
1.45 6.59804335386e-08
1.5 6.82680144659e-08
1.55 7.05977119938e-08
1.6 7.29656391777e-08
1.65 7.53720848564e-08
1.7 7.78173699032e-08
1.75 8.03018108727e-08
1.8 8.28257381138e-08
1.85 8.53895007194e-08
1.9 8.7993468047e-08
1.95 9.06380731693e-08
2.0 9.33237196835e-08
0.0 0.0