0 9.84113363862e-17
0.05 4.06381667253e-10
0.1 7.99630524763e-10
0.15 9.14869423301e-10
0.2 1.15897701361e-09
0.25 8.21794810758e-09
0.3 2.43292440319e-09
0.35 1.44150260291e-07
0.4 0.0282434812427
0.45 0.295507334666
0.5 0.295507644837
0.55 0.384880454085
0.6 0.409907277434
0.65 0.497264598595
0.7 0.525760488876
0.75 0.679866709579
0.8 0.84693050967
0.85 0.920701544568
0.9 0.952227090249
0.95 0.966896815466
1.0 1.01331113661
1.05 1.01747643123
1.1 1.02836518936
1.15 1.03323243215
1.2 1.03837637176
1.25 1.21514829713
1.3 1.26303468354
1.35 1.29633984378
1.4 1.31557799612
1.45 1.31557800185
1.5 1.32471449202
1.55 1.37986196664
1.6 1.44853947101
1.65 1.50197559543
1.7 1.52670130272
1.75 1.71763060319
1.8 1.74249992593
1.85 1.74250071276
1.9 1.74250071174
1.95 1.74250080766
2.0 1.74562149177
0.0 0.0