0 0.0
0.05 3.6304412314e-08
0.1 3.76580705526e-08
0.15 3.90088320118e-08
0.2 4.03509799019e-08
0.25 4.1679113133e-08
0.3 4.29916361668e-08
0.35 4.42869218363e-08
0.4 4.55632871825e-08
0.45 4.68190340665e-08
0.5 4.80524202911e-08
0.55 4.92617096204e-08
0.6 5.04451137211e-08
0.65 5.16008122943e-08
0.7 5.27276061503e-08
0.75 5.38328251098e-08
0.8 5.4905154588e-08
0.85 5.5942531639e-08
0.9 5.69497297529e-08
0.95 5.79364990234e-08
1.0 5.83146019238e-08
1.05 5.73703921166e-08
1.1 5.63197051209e-08
1.15 5.5168284951e-08
1.2 5.39245715801e-08
1.25 5.2592995238e-08
1.3 5.11806135153e-08
1.35 4.96951265657e-08
1.4 4.84222035956e-08
1.45 4.7361649409e-08
1.5 4.62120631717e-08
1.55 4.49794735007e-08
1.6 4.36709220363e-08
1.65 4.22922518864e-08
1.7 4.08503379397e-08
1.75 3.93523996101e-08
1.8 3.78057193622e-08
1.85 3.62178008537e-08
1.9 3.4596169282e-08
1.95 3.2948383647e-08
2.0 3.12819149698e-08
0.0 0.0