0 0.0
0.05 3.47059902015e-10
0.1 8.30673446806e-10
0.15 1.54590635596e-09
0.2 2.67917988313e-09
0.25 4.64111855919e-09
0.3 8.45212587907e-09
0.35 1.78723386603e-08
0.4 2.97220348167e-08
0.45 0.00564802712836
0.5 0.0182459868801
0.55 0.0207002575338
0.6 0.0726288109775
0.65 0.105161602998
0.7 0.140793604203
0.75 0.232544447883
0.8 0.261000842015
0.85 0.261000874485
0.9 0.311606960806
0.95 0.363763089373
1.0 0.404863761289
1.05 0.404863761723
1.1 0.414656071906
1.15 0.416411923098
1.2 0.481711080023
1.25 0.53784336745
1.3 0.558711040131
1.35 0.599154349702
1.4 0.602504854914
1.45 0.618254745565
1.5 0.804678195197
1.55 0.829469698766
1.6 0.888496995591
1.65 0.912826013043
1.7 0.931475750537
1.75 0.95157286236
1.8 0.957325436394
1.85 0.964978461081
1.9 0.964978495771
1.95 0.966792220651
2.0 0.994769172988
0.0 0.0