0 0.0
0.05 1.62900156504e-11
0.1 3.19171501485e-11
0.15 4.91971709932e-11
0.2 6.764826172e-11
0.25 8.65290127923e-11
0.3 1.0640687813e-10
0.35 1.27228601016e-10
0.4 1.48864810944e-10
0.45 1.71310571031e-10
0.5 1.94468937431e-10
0.55 2.18356289439e-10
0.6 2.42911461318e-10
0.65 2.68082654175e-10
0.7 2.93797195123e-10
0.75 3.19960055497e-10
0.8 3.46480741417e-10
0.85 3.73369324233e-10
0.9 4.00444394255e-10
0.95 4.27466051156e-10
1.0 4.5427805069e-10
1.05 4.80609664845e-10
1.1 5.06261772042e-10
1.15 5.30951712965e-10
1.2 5.54346005385e-10
1.25 5.76116367309e-10
1.3 5.95877407998e-10
1.35 6.11759885093e-10
1.4 6.25026204254e-10
1.45 6.36703379003e-10
1.5 6.46573983276e-10
1.55 6.53782424505e-10
1.6 6.57327232776e-10
1.65 6.57929615107e-10
1.7 6.34988295301e-08
1.75 6.38851794035e-08
1.8 6.38582101198e-08
1.85 6.33530204203e-08
1.9 6.22967882693e-08
1.95 6.06076792734e-08
2.0 5.87237862286e-08
0.0 0.0