0 0.0
0.05 2.79424825276e-08
0.1 2.88544465901e-10
0.15 6.52148145137e-11
0.2 8.80842637706e-11
0.25 1.12657233768e-10
0.3 1.36291669461e-10
0.35 4.19887371488e-08
0.4 1.8795341325e-10
0.45 2.13592841706e-10
0.5 4.4410108586e-10
0.55 2.68596638242e-10
0.6 2.96657150113e-10
0.65 3.25574811761e-10
0.7 3.55111779005e-10
0.75 3.85333037549e-10
0.8 4.16794474485e-10
0.85 4.47200052088e-10
0.9 4.78906750068e-10
0.95 5.11155966244e-10
1.0 5.43899638817e-10
1.05 5.82257865906e-10
1.1 6.22219179162e-10
1.15 6.63238965927e-10
1.2 7.05207914213e-10
1.25 7.48579292051e-10
1.3 7.93056375601e-10
1.35 8.38378507031e-10
1.4 8.85115364655e-10
1.45 9.32766655907e-10
1.5 9.81223917695e-10
1.55 1.03040315658e-09
1.6 1.08026239938e-09
1.65 1.13075017505e-09
1.7 1.1817813971e-09
1.75 1.23326118361e-09
1.8 1.2850189986e-09
1.85 1.33705773337e-09
1.9 1.38924999526e-09
1.95 1.44135591416e-09
2.0 1.4933863865e-09
0.0 0.0