0 0.0
0.05 0.00377506863038
0.1 0.022492253248
0.15 0.0479003742673
0.2 0.126055227339
0.25 0.137578336229
0.3 0.149880429435
0.35 0.157611644291
0.4 0.203148866725
0.45 0.269376077587
0.5 0.277673864971
0.55 0.277674045197
0.6 0.277674045621
0.65 0.277674045841
0.7 0.277674045966
0.75 0.277674046046
0.8 0.277674046102
0.85 0.277674046143
0.9 0.277674046175
0.95 0.277674046201
1.0 0.277674046222
1.05 0.27767404624
1.1 0.277674046254
1.15 0.277674046267
1.2 0.277674046278
1.25 0.277674046289
1.3 0.2776740463
1.35 0.277674046311
1.4 0.27767404632
1.45 0.277674046312
1.5 0.277674046388
1.55 0.277674046442
1.6 0.277674046357
1.65 0.277674046372
1.7 0.277674046378
1.75 0.277674046383
1.8 0.27767404639
1.85 0.277674046399
1.9 0.27767404641
1.95 0.277674046425
2.0 0.277674046446
0.0 0.0