0 0.0
0.05 1.81596435872e-11
0.1 1.41654279129e-08
0.15 5.6548017701e-11
0.2 1.80452700167e-08
0.25 9.61678770884e-11
0.3 2.21053717527e-08
0.35 2.42109985329e-08
0.4 1.59916364536e-10
0.45 2.86236996019e-08
0.5 2.04912153657e-10
0.55 2.28492399909e-10
0.6 2.52605801445e-10
0.65 2.77415569313e-10
0.7 3.02742752216e-10
0.75 3.2874463253e-10
0.8 3.55460272522e-10
0.85 3.82601450722e-10
0.9 4.14641221642e-10
0.95 4.44629563805e-10
1.0 4.79372443736e-10
1.05 5.17694076147e-10
1.1 5.52674371478e-10
1.15 5.94062573055e-10
1.2 6.30907320869e-10
1.25 6.72078383316e-10
1.3 7.14489284818e-10
1.35 7.58546707428e-10
1.4 8.04378803346e-10
1.45 8.51824208106e-10
1.5 9.00260984741e-10
1.55 9.50049643158e-10
1.6 1.00097873281e-09
1.65 1.05296270443e-09
1.7 1.10591615811e-09
1.75 1.15992350996e-09
1.8 1.214807439e-09
1.85 1.27052577278e-09
1.9 1.32698911093e-09
1.95 1.38400028284e-09
2.0 1.44164417342e-09
0.0 0.0