0 0.0
0.05 9.22368977658e-11
0.1 1.79118930838e-10
0.15 2.62122015201e-10
0.2 3.42511978966e-10
0.25 4.21412400803e-10
0.3 4.99856863171e-10
0.35 5.7883086047e-10
0.4 6.59306411084e-10
0.45 7.42271037284e-10
0.5 8.28750376845e-10
0.55 9.19821309174e-10
0.6 1.01660585725e-09
0.65 1.12022469675e-09
0.7 1.23166513162e-09
0.75 1.35146958365e-09
0.8 1.47905846351e-09
0.85 1.61137716031e-09
0.9 1.74055523699e-09
0.95 1.85080876567e-09
1.0 2.25610534697e-09
1.05 3.28365273526e-09
1.1 3.17011186307e-09
1.15 2.98024747508e-08
1.2 0.0200541508712
1.25 0.0261435102903
1.3 0.060625603657
1.35 0.0837068244984
1.4 0.0837068661041
1.45 0.0837072639088
1.5 0.110777683034
1.55 0.115608739166
1.6 0.137790855871
1.65 0.199701190035
1.7 0.209419634667
1.75 0.210100099466
1.8 0.247820004925
1.85 0.264600490669
1.9 0.334654524061
1.95 0.365362049913
2.0 0.487043949208
0.0 0.0