0 0.0
0.05 9.17469972029e-11
0.1 1.7706566643e-10
0.15 2.57569745086e-10
0.2 3.34614222316e-10
0.25 4.09376597472e-10
0.3 4.8291926355e-10
0.35 5.56240244847e-10
0.4 6.30317747097e-10
0.45 7.06152398246e-10
0.5 7.84812205988e-10
0.55 8.6748574906e-10
0.6 9.55552607996e-10
0.65 1.0502422733e-09
0.7 1.15407970714e-09
0.75 1.27030796801e-09
0.8 1.45133901639e-09
0.85 1.79893499204e-09
0.9 2.27240913968e-09
0.95 2.91176023067e-09
1.0 3.6000407432e-09
1.05 2.96390543559e-09
1.1 1.74350579456e-09
1.15 9.6345639943e-09
1.2 0.03087455078
1.25 0.0361858932108
1.3 0.184652659359
1.35 0.241495012065
1.4 0.305407140322
1.45 0.38682768529
1.5 0.463915668078
1.55 0.585710480855
1.6 0.65368250297
1.65 0.662708185587
1.7 0.755135128482
1.75 0.77971339993
1.8 0.833144923997
1.85 0.847370461767
1.9 0.868184894138
1.95 0.933269781458
2.0 0.948982661422
0.0 0.0