0 0.0
0.05 4.1899043542e-10
0.1 9.99842150229e-10
0.15 1.84107946433e-09
0.2 3.13996655183e-09
0.25 5.34393334249e-09
0.3 9.79375443782e-09
0.35 2.06296871057e-08
0.4 1.81260565273e-07
0.45 0.00876544423981
0.5 0.0248892292064
0.55 0.0840575794113
0.6 0.0847401563589
0.65 0.121629909683
0.7 0.190609668744
0.75 0.190610057883
0.8 0.389884227124
0.85 0.441922036875
0.9 0.465777722227
0.95 0.465778158017
1.0 0.535066622
1.05 0.659660974457
1.1 0.733173135027
1.15 0.861654726863
1.2 0.861656942253
1.25 0.885526099436
1.3 0.887053082566
1.35 0.905446460843
1.4 0.905450766295
1.45 1.03267021232
1.5 1.04869590494
1.55 1.06704226099
1.6 1.14152969425
1.65 1.15801521541
1.7 1.19197883781
1.75 1.19197883377
1.8 1.19197885709
1.85 1.1948319874
1.9 1.23858114973
1.95 1.27101043632
2.0 1.28798588997
0.352338507586 0.352338507586