0 0.0
0.05 -1.5976560741e-08
0.1 -1.43903678476e-08
0.15 6.49194128508e-11
0.2 6.09448412308e-11
0.25 7.98758112422e-11
0.3 -7.96168663849e-09
0.35 1.12345693331e-10
0.4 1.28757025243e-10
0.45 1.45298039232e-10
0.5 1.61891356138e-10
0.55 1.78932713614e-10
0.6 1.95813605942e-10
0.65 2.13031933003e-10
0.7 2.30459458492e-10
0.75 2.48084807141e-10
0.8 2.65965428044e-10
0.85 2.84129675035e-10
0.9 3.02570105195e-10
0.95 3.2134872959e-10
1.0 3.40452950428e-10
1.05 3.59889023153e-10
1.1 3.79717640354e-10
1.15 3.99934525679e-10
1.2 4.20549144475e-10
1.25 4.41600338761e-10
1.3 4.63051560516e-10
1.35 4.84960186614e-10
1.4 5.07235462621e-10
1.45 5.29911319324e-10
1.5 5.52978515242e-10
1.55 5.76557013582e-10
1.6 6.00281134645e-10
1.65 6.24466844035e-10
1.7 6.48979921952e-10
1.75 6.73809836024e-10
1.8 6.98898870653e-10
1.85 7.24217076856e-10
1.9 7.49718953125e-10
1.95 7.771311345e-10
2.0 8.06716009391e-10
0.0 0.0