0 0.0
0.05 2.69036875874e-08
0.1 2.85948195668e-08
0.15 5.09217240398e-11
0.2 6.77957744071e-11
0.25 8.51559139301e-11
0.3 3.54336328458e-08
0.35 3.71557846639e-08
0.4 3.88797907654e-08
0.45 4.06037771944e-08
0.5 4.23257297202e-08
0.55 4.4043471821e-08
0.6 4.57547204182e-08
0.65 4.74570934129e-08
0.7 4.91480987731e-08
0.75 5.08251989213e-08
0.8 5.24857934302e-08
0.85 5.41272696003e-08
0.9 5.57469698108e-08
0.95 5.73422815282e-08
1.0 5.89105708921e-08
1.05 6.0449270314e-08
1.1 6.19558574376e-08
1.15 6.34278727476e-08
1.2 6.48629385449e-08
1.25 6.62587611296e-08
1.3 6.76131562398e-08
1.35 6.89240551472e-08
1.4 7.01891995438e-08
1.45 7.14070903185e-08
1.5 7.25769185598e-08
1.55 7.36973676339e-08
1.6 7.47672869926e-08
1.65 7.57856716797e-08
1.7 7.67516588592e-08
1.75 7.76645330871e-08
1.8 7.85237351154e-08
1.85 7.93288248059e-08
1.9 8.00795252663e-08
1.95 8.07756806471e-08
2.0 8.14172787825e-08
0.0 0.0