0 0.0
0.05 0.00423749837729
0.1 0.0043754653086
0.15 0.0418443561842
0.2 0.0418447798692
0.25 0.0634761396872
0.3 0.0937752997914
0.35 0.127942122368
0.4 0.132956619417
0.45 0.132956624179
0.5 0.132956626334
0.55 0.132956627248
0.6 0.13295662782
0.65 0.132956628202
0.7 0.132956628473
0.75 0.132956628675
0.8 0.132956628834
0.85 0.132956628962
0.9 0.132956629067
0.95 0.132956629159
1.0 0.132956629214
1.05 0.13295662928
1.1 0.132956629359
1.15 0.132956629429
1.2 0.13295662949
1.25 0.132956629547
1.3 0.132956629625
1.35 0.132956629709
1.4 0.132956629752
1.45 0.132956629932
1.5 0.132956630008
1.55 0.132956630269
1.6 0.132956630027
1.65 0.132956630791
1.7 0.132956629696
1.75 0.132956629726
1.8 0.132956629756
1.85 0.132956629788
1.9 0.132956629825
1.95 0.132956629868
2.0 0.132956629921
0.0 0.0