0 0.0
0.05 4.0487225418e-08
0.1 4.20731977171e-08
0.15 4.36264810945e-08
0.2 4.51445440833e-08
0.25 4.6624919783e-08
0.3 4.80652786135e-08
0.35 1.06229307864e-10
0.4 5.08297275521e-08
0.45 5.21476387841e-08
0.5 5.34204484201e-08
0.55 5.46467876906e-08
0.6 5.58254345233e-08
0.65 5.69554256366e-08
0.7 5.80359753692e-08
0.75 5.90665395144e-08
0.8 6.0046769047e-08
0.85 6.1354921129e-08
0.9 6.29059574848e-08
0.95 6.44532803418e-08
1.0 6.59967150421e-08
1.05 6.7536015637e-08
1.1 6.90708306721e-08
1.15 7.06007569453e-08
1.2 7.21252184057e-08
1.25 7.36435264455e-08
1.3 7.51547920258e-08
1.35 7.66579541725e-08
1.4 7.81530674061e-08
1.45 7.96547543965e-08
1.5 8.11441548743e-08
1.55 8.26189694901e-08
1.6 8.40765416273e-08
1.65 8.55137491006e-08
1.7 8.69269558332e-08
1.75 8.83212689371e-08
1.8 8.97488126411e-08
1.85 9.11460665326e-08
1.9 9.25080933216e-08
1.95 9.38292607112e-08
2.0 9.51031927807e-08
0.0 0.0