0 0.0
0.05 1.73262067444e-11
0.1 3.56045382064e-11
0.15 2.18172448269e-08
0.2 2.3708401546e-08
0.25 2.97762054053e-08
0.3 1.5682384435e-10
0.35 1.32584303069e-10
0.4 1.53591055138e-10
0.45 1.75158257894e-10
0.5 2.05549315749e-10
0.55 2.20017832359e-10
0.6 2.45262911124e-10
0.65 2.67295380904e-10
0.7 2.91774018608e-10
0.75 3.23841786175e-10
0.8 3.42493457855e-10
0.85 3.68476703905e-10
0.9 3.94956180075e-10
0.95 4.21956722331e-10
1.0 4.49312448234e-10
1.05 4.77147416316e-10
1.1 5.05393028271e-10
1.15 5.3387314531e-10
1.2 5.62546625454e-10
1.25 5.91508704626e-10
1.3 6.20531227184e-10
1.35 6.49696544622e-10
1.4 6.79012093027e-10
1.45 7.08336962046e-10
1.5 7.37663596224e-10
1.55 7.66968700713e-10
1.6 7.96163816251e-10
1.65 8.25228338659e-10
1.7 8.54138246945e-10
1.75 8.83083006288e-10
1.8 9.11786056249e-10
1.85 9.40107966495e-10
1.9 9.68131381313e-10
1.95 9.9571502069e-10
2.0 1.02297585516e-09
0.0 0.0