0 0.0
0.05 9.91917659121e-12
0.1 -7.82413565048e-08
0.15 4.02473609995e-11
0.2 5.60764767954e-11
0.25 7.26769755488e-11
0.3 8.96900331782e-11
0.35 1.07471365141e-10
0.4 1.25877086532e-10
0.45 1.44884104714e-10
0.5 1.64668723102e-10
0.55 1.85012449805e-10
0.6 2.05684802523e-10
0.65 2.22338147893e-10
0.7 2.40107489446e-10
0.75 2.58423060728e-10
0.8 2.77794232062e-10
0.85 2.98193025827e-10
0.9 3.1960478708e-10
0.95 3.41879857757e-10
1.0 3.651070557e-10
1.05 3.89326793027e-10
1.1 4.14625223044e-10
1.15 4.40963265902e-10
1.2 4.68409755428e-10
1.25 4.96873209244e-10
1.3 5.264833014e-10
1.35 5.57142332269e-10
1.4 5.88901372112e-10
1.45 6.21777740406e-10
1.5 6.55760779011e-10
1.55 6.90870916031e-10
1.6 7.27092608344e-10
1.65 7.64444507695e-10
1.7 8.03434208052e-10
1.75 8.44991188131e-10
1.8 8.87550477557e-10
1.85 9.31104970903e-10
1.9 9.75679981252e-10
1.95 1.02120800705e-09
2.0 1.0676965978e-09
2.55569866057 2.55569866057