0 0.0
0.05 -8.30258735096e-08
0.1 -8.0444752415e-08
0.15 -7.783230771e-08
0.2 1.03879127522e-10
0.25 1.30951027799e-10
0.3 1.57828861092e-10
0.35 1.85018889098e-10
0.4 -6.43657003252e-08
0.45 2.40002018259e-10
0.5 2.59385846135e-10
0.55 2.95852453647e-10
0.6 3.23891802267e-10
0.65 -5.03806054653e-08
0.7 3.80586229198e-10
0.75 4.0915892896e-10
0.8 4.37901936934e-10
0.85 4.64039473513e-10
0.9 4.9131676505e-10
0.95 5.17567322333e-10
1.0 5.45787859352e-10
1.05 5.73663783143e-10
1.1 6.0209592867e-10
1.15 6.30992147421e-10
1.2 6.60197674307e-10
1.25 6.89935664155e-10
1.3 7.20148607414e-10
1.35 7.50620454681e-10
1.4 7.8161455086e-10
1.45 8.12882872125e-10
1.5 8.44579073345e-10
1.55 8.76590355858e-10
1.6 9.08923603049e-10
1.65 9.41581701497e-10
1.7 9.74549330124e-10
1.75 1.00774566469e-09
1.8 1.04122399591e-09
1.85 1.07490971679e-09
1.9 1.10880882254e-09
1.95 1.14284404162e-09
2.0 1.17702048108e-09
1.31423613258 1.31423613258