0 0.0
0.05 2.04765944803e-11
0.1 3.97757815315e-11
0.15 -2.81097681782e-08
0.2 8.21885755992e-11
0.25 1.01225775226e-10
0.3 1.21317402118e-10
0.35 -2.01635350602e-08
0.4 -1.82240982233e-08
0.45 -1.63078252595e-08
0.5 -1.44153181449e-08
0.55 2.18013490944e-10
0.6 2.35412537911e-10
0.65 -8.88016509424e-09
0.7 2.71961236387e-10
0.75 -5.30288942583e-09
0.8 3.07537802607e-10
0.85 -1.80592198055e-09
0.9 -8.40921829241e-11
0.95 1.62196887799e-09
1.0 3.75372525062e-10
1.05 3.92478052357e-10
1.1 6.66070850112e-09
1.15 4.32593342207e-10
1.2 4.42549094197e-10
1.25 4.59823125964e-10
1.3 4.77574838715e-10
1.35 5.25396410961e-10
1.4 5.12882009771e-10
1.45 1.88286506032e-08
1.5 5.48590312014e-10
1.55 2.24719333687e-08
1.6 5.85540900885e-10
1.65 2.61653429346e-08
1.7 2.80225171348e-08
1.75 2.98801926941e-08
1.8 6.60225572362e-10
1.85 3.35856885582e-08
1.9 3.54102619241e-08
1.95 3.72011588997e-08
2.0 3.89450722052e-08
0.0 0.0