0 0.0
0.05 9.17533640447e-11
0.1 1.89606595657e-10
0.15 2.97013551466e-10
0.2 4.15487143373e-10
0.25 5.48540621167e-10
0.3 7.00898381514e-10
0.35 8.79136814307e-10
0.4 1.09282547828e-09
0.45 1.35629855458e-09
0.5 1.69223387919e-09
0.55 2.13887398319e-09
0.6 2.76561204925e-09
0.65 3.71048525485e-09
0.7 5.27165618185e-09
0.75 7.60219327211e-09
0.8 2.38789515913e-09
0.85 0.0017797922873
0.9 0.0203825097568
0.95 0.163980435542
1.0 0.163980620506
1.05 0.163980644325
1.1 0.244384367366
1.15 0.299424039269
1.2 0.325106900838
1.25 0.32788932283
1.3 0.370668139964
1.35 0.481262718524
1.4 0.540417652586
1.45 0.556165048181
1.5 0.622240180043
1.55 0.678671118271
1.6 0.727518270498
1.65 0.783403923397
1.7 0.896401319374
1.75 0.922831947993
1.8 0.932842641208
1.85 0.954303293133
1.9 1.05343925834
1.95 1.09508359525
2.0 1.12729716339
0.0 0.0