0 0.0
0.05 1.88051725534e-09
0.1 6.0718574962e-09
0.15 2.05624212936e-08
0.2 0.0137247855746
0.25 0.152995572592
0.3 0.160553985947
0.35 0.161806335603
0.4 0.161806459288
0.45 0.163299059287
0.5 0.163299109119
0.55 0.163299081513
0.6 0.164614381325
0.65 0.167854525482
0.7 0.169528489158
0.75 0.190068889209
0.8 0.281591098546
0.85 0.3046009648
0.9 0.304601026559
0.95 0.327082337621
1.0 0.337272183759
1.05 0.351454880635
1.1 0.453037220158
1.15 0.550026261278
1.2 0.636735105395
1.25 0.716158705366
1.3 0.918830859741
1.35 0.940542412766
1.4 1.28656181259
1.45 1.29455214964
1.5 1.32660586081
1.55 1.40142253166
1.6 1.40984349366
1.65 1.445468139
1.7 1.44546817872
1.75 1.53400857068
1.8 1.73091623891
1.85 1.73303637539
1.9 1.73303653993
1.95 1.73303645578
2.0 2.03787950759
0.0 0.0