0 0.0
0.05 0.0752263365564
0.1 0.0903254758651
0.15 0.101732875541
0.2 0.170087204218
0.25 0.195648020654
0.3 0.275773024783
0.35 0.388340140887
0.4 0.388340158202
0.45 0.400505405928
0.5 0.40195402996
0.55 0.429249833928
0.6 0.586581480295
0.65 0.609604799409
0.7 0.615040902013
0.75 0.615041217624
0.8 0.62499734517
0.85 0.632275091999
0.9 0.651552361924
0.95 0.65505052619
1.0 0.688081224219
1.05 0.697888600542
1.1 0.704331156432
1.15 0.721802546187
1.2 0.773956438402
1.25 0.780285348493
1.3 0.805510071279
1.35 0.885194166167
1.4 0.895657422044
1.45 0.962953671845
1.5 1.05082100961
1.55 1.05117413344
1.6 1.05117414971
1.65 1.05117418617
1.7 1.05117461098
1.75 1.08255232563
1.8 1.28798546695
1.85 1.31621911662
1.9 1.39310996109
1.95 1.53515593324
2.0 1.537614049
0.0 0.0