0 0.0
0.05 1.39140207944e-10
0.1 2.67554169664e-10
0.15 3.86668272858e-10
0.2 4.98420827737e-10
0.25 6.04277456936e-10
0.3 7.05570983354e-10
0.35 8.03361646573e-10
0.4 8.98488817604e-10
0.45 9.93359044766e-10
0.5 1.08922781453e-09
0.55 1.18741722951e-09
0.6 1.28937556176e-09
0.65 1.3967510334e-09
0.7 1.51148816669e-09
0.75 1.63595944098e-09
0.8 1.77315221241e-09
0.85 1.9269444254e-09
0.9 2.10252684196e-09
0.95 2.30707429747e-09
1.0 2.5505009449e-09
1.05 2.85972615409e-09
1.1 3.31224883968e-09
1.15 3.94440228527e-09
1.2 4.87147955907e-09
1.25 6.36673954946e-09
1.3 9.31912428506e-09
1.35 1.6293328493e-08
1.4 3.74178121284e-08
1.45 0.0128686206668
1.5 0.0234000177632
1.55 0.0494309604524
1.6 0.0718046470561
1.65 0.096135054494
1.7 0.120409059083
1.75 0.158034193276
1.8 0.15803566252
1.85 0.158397434216
1.9 0.211038396306
1.95 0.459858368225
2.0 0.459858768183
0.0 0.0