0 0.0
0.05 2.3778819358e-08
0.1 0.00124608791884
0.15 0.0012461496179
0.2 0.00543868518756
0.25 0.00543880485439
0.3 0.00758920691824
0.35 0.119770997591
0.4 0.19524357592
0.45 0.286630089152
0.5 0.298025162957
0.55 0.312689961996
0.6 0.448506407078
0.65 0.459878371617
0.7 0.459878329299
0.75 0.459878393162
0.8 0.464577850877
0.85 0.464578395761
0.9 0.515243750349
0.95 0.515243775795
1.0 0.6375550246
1.05 0.671014172467
1.1 0.742708275751
1.15 0.775901986685
1.2 0.866666685479
1.25 0.878177964224
1.3 0.928476226757
1.35 1.07009539836
1.4 1.20979314227
1.45 1.20979402069
1.5 1.22308268873
1.55 1.22585210783
1.6 1.23967130322
1.65 1.23967136504
1.7 1.2817513231
1.75 1.3732481535
1.8 1.37324900822
1.85 1.37324938544
1.9 1.39103304135
1.95 1.63284998935
2.0 1.68181943705
0.0 0.0