0 0.0
0.05 5.11861182341e-08
0.1 3.71552844874e-11
0.15 5.69053268779e-11
0.2 7.56683124208e-11
0.25 5.8700449506e-08
0.3 6.05876197946e-08
0.35 6.24765413404e-08
0.4 6.43663967822e-08
0.45 6.62742100513e-08
0.5 6.81909324392e-08
0.55 7.07538110837e-08
0.6 7.35010592135e-08
0.65 7.63003864971e-08
0.7 7.91518142015e-08
0.75 8.20553645716e-08
0.8 8.50110848055e-08
0.85 8.80190834652e-08
0.9 4.1761971844e-10
0.95 9.41923179147e-08
1.0 4.82145535167e-10
1.05 2.99011282759e-09
1.1 5.46555624095e-10
1.15 5.79696827533e-10
1.2 6.14424205405e-10
1.25 6.48704110384e-10
1.3 6.85379975092e-10
1.35 7.2059563602e-10
1.4 1.25033569632e-07
1.45 7.94311824985e-10
1.5 8.32169208082e-10
1.55 8.70563512177e-10
1.6 9.10095116111e-10
1.65 9.49723939056e-10
1.7 9.90130108584e-10
1.75 1.03231457249e-09
1.8 1.07318506634e-09
1.85 1.11577584301e-09
1.9 1.15903162488e-09
1.95 1.2030536001e-09
2.0 1.24784819187e-09
0.0 0.0