0 0.0
0.05 1.89823712304e-11
0.1 5.98631315629e-08
0.15 6.09040420319e-08
0.2 6.16997661851e-08
0.25 6.2248588506e-08
0.3 6.25529554821e-08
0.35 6.2646885679e-08
0.4 6.25300855539e-08
0.45 6.22144702422e-08
0.5 6.23328202387e-08
0.55 6.32799308509e-08
0.6 6.42062485401e-08
0.65 6.51094400617e-08
0.7 6.60598438174e-08
0.75 6.72040276761e-08
0.8 6.83451426564e-08
0.85 6.94763950815e-08
0.9 7.05900611297e-08
0.95 7.16775310217e-08
1.0 7.27292350788e-08
1.05 7.3734563788e-08
1.1 7.46817354624e-08
1.15 7.55576832212e-08
1.2 7.63478811283e-08
1.25 7.70361348046e-08
1.3 7.76042570205e-08
1.35 7.80317361837e-08
1.4 7.82952114253e-08
1.45 7.83677711613e-08
1.5 7.82181042158e-08
1.55 7.78089652709e-08
1.6 7.70952535145e-08
1.65 7.60208906936e-08
1.7 7.4513909043e-08
1.75 7.24783375539e-08
1.8 6.97799358296e-08
1.85 6.62200472235e-08
1.9 6.14830610868e-08
1.95 5.52887202687e-08
2.0 5.62802311421e-08
-1.13123472137 -1.13123472137