0 0.0
0.05 2.03578393171e-10
0.1 4.5064960853e-10
0.15 6.98919218867e-10
0.2 9.3295266849e-10
0.25 1.14953138894e-09
0.3 1.34796635171e-09
0.35 1.53017854201e-09
0.4 1.69879671452e-09
0.45 1.85638813546e-09
0.5 2.00532493457e-09
0.55 2.14771831737e-09
0.6 2.28531365552e-09
0.65 2.42024487664e-09
0.7 2.55437852469e-09
0.75 2.69110198367e-09
0.8 2.83295763588e-09
0.85 2.98231896265e-09
0.9 3.14192156335e-09
0.95 3.31600942067e-09
1.0 3.52906859617e-09
1.05 3.75217166682e-09
1.1 3.9923992431e-09
1.15 4.2708976336e-09
1.2 4.59679878951e-09
1.25 4.97977703983e-09
1.3 5.42643354467e-09
1.35 5.99384189353e-09
1.4 6.74446668403e-09
1.45 7.62847489112e-09
1.5 7.1946915913e-09
1.55 8.82656258023e-09
1.6 1.42815384351e-08
1.65 1.09368234894e-08
1.7 0.00650863936164
1.75 0.00986669628642
1.8 0.0284952069977
1.85 0.0783415958418
1.9 0.104495737123
1.95 0.104496576303
2.0 0.10449664982
0.0 0.0