0 0.0
0.05 8.40605929717e-11
0.1 1.66213092584e-10
0.15 2.47799202267e-10
0.2 3.29661821882e-10
0.25 4.12857885026e-10
0.3 4.9834032248e-10
0.35 5.87016798771e-10
0.4 6.79714240814e-10
0.45 7.77113622458e-10
0.5 8.79666684088e-10
0.55 9.87531615379e-10
0.6 1.10058511186e-09
0.65 1.21849190741e-09
0.7 1.34044506224e-09
0.75 1.61583545046e-09
0.8 2.00879681414e-09
0.85 2.61994233062e-09
0.9 3.71805596089e-09
0.95 5.43058110873e-09
1.0 1.04153702157e-08
1.05 5.01439072223e-09
1.1 0.0306043022993
1.15 0.123723529576
1.2 0.123723935663
1.25 0.123723982078
1.3 0.123724155619
1.35 0.141174587427
1.4 0.144471489843
1.45 0.287350412421
1.5 0.29466543007
1.55 0.314113734591
1.6 0.604274114321
1.65 0.6745247249
1.7 0.815652948621
1.75 0.823584031579
1.8 1.02406076158
1.85 1.06095250577
1.9 1.10287475716
1.95 1.12204342284
2.0 1.22465722808
0.0 0.0