0 0.0
0.05 8.43208319564e-11
0.1 1.70262696946e-10
0.15 2.59283652103e-10
0.2 3.53223778869e-10
0.25 4.53513221953e-10
0.3 5.61928525559e-10
0.35 6.81062874504e-10
0.4 8.14062530753e-10
0.45 9.65058445698e-10
0.5 1.13962929388e-09
0.55 1.34553887982e-09
0.6 1.59395921932e-09
0.65 1.90160505539e-09
0.7 2.29434312144e-09
0.75 2.81417115558e-09
0.8 3.53901933355e-09
0.85 4.62014037152e-09
0.9 6.39427438398e-09
0.95 9.75292286057e-09
1.0 1.77013864999e-08
1.05 4.8061441731e-08
1.1 0.00685865598496
1.15 0.00685867332977
1.2 0.0281883986349
1.25 0.0406710746653
1.3 0.0609347721722
1.35 0.171419538334
1.4 0.175099907076
1.45 0.188441824776
1.5 0.201039009701
1.55 0.25763697292
1.6 0.258994314518
1.65 0.299198985624
1.7 0.33747848455
1.75 0.35527977719
1.8 0.369217187334
1.85 0.383738656005
1.9 0.4139697259
1.95 0.41396989177
2.0 0.622612286449
0.0 0.0