0 0.0
0.05 8.4315246173e-11
0.1 1.69975407814e-10
0.15 2.58261211979e-10
0.2 3.50559438244e-10
0.25 4.48434518312e-10
0.3 5.53716728419e-10
0.35 6.68616411343e-10
0.4 7.95877296268e-10
0.45 9.38461296337e-10
0.5 1.10067639732e-09
0.55 1.28867488388e-09
0.6 1.51011310392e-09
0.65 1.77487044843e-09
0.7 2.09452455445e-09
0.75 2.47743975096e-09
0.8 2.9039272219e-09
0.85 6.4573455115e-09
0.9 1.2723289746e-08
0.95 2.75237066778e-08
1.0 1.69073139084e-08
1.05 0.0162528076577
1.1 0.119221409175
1.15 0.224949707851
1.2 0.256854960793
1.25 0.296151559974
1.3 0.339679947056
1.35 0.379414407897
1.4 0.386116212346
1.45 0.386116258082
1.5 0.429688947619
1.55 0.453504600986
1.6 0.457613982192
1.65 0.654906359289
1.7 1.08099440891
1.75 1.11990128468
1.8 1.12998617695
1.85 1.18882636205
1.9 1.20517899406
1.95 1.23370616786
2.0 1.26864652656
0.0836616408098 0.0836616408098