0 0.0
0.05 9.80582856302e-11
0.1 1.89906305322e-10
0.15 2.77133877735e-10
0.2 3.61118195228e-10
0.25 4.43096269075e-10
0.3 5.24224750028e-10
0.35 6.05629838592e-10
0.4 6.88457335107e-10
0.45 7.73938061699e-10
0.5 8.63439106986e-10
0.55 9.5854095671e-10
0.6 1.06141890751e-09
0.65 1.17447417058e-09
0.7 1.30063400123e-09
0.75 1.44393257833e-09
0.8 1.60997257414e-09
0.85 1.8071609253e-09
0.9 2.0491346271e-09
0.95 2.35964103519e-09
1.0 2.77942972551e-09
1.05 3.36241628696e-09
1.1 4.22189379774e-09
1.15 4.45347902248e-09
1.2 8.43868989378e-09
1.25 0.00237794060098
1.3 0.00661295538175
1.35 0.0280808028765
1.4 0.0699830236112
1.45 0.0742417503484
1.5 0.0743165437405
1.55 0.0743165698153
1.6 0.109106884584
1.65 0.109106894222
1.7 0.109106982374
1.75 0.109107017748
1.8 0.136436814294
1.85 0.136505197818
1.9 0.163205483023
1.95 0.163205490176
2.0 0.163210263193
0.0 0.0