0 0.0
0.05 2.82433906901e-10
0.1 5.08173237289e-10
0.15 6.93055193838e-10
0.2 8.47100755142e-10
0.25 9.7782345654e-10
0.3 1.09197966706e-09
0.35 1.19343632169e-09
0.4 1.28520608617e-09
0.45 1.36959134405e-09
0.5 1.44842198889e-09
0.55 1.52320697505e-09
0.6 1.59523539488e-09
0.65 1.66565267402e-09
0.7 1.73552150394e-09
0.75 1.80587404919e-09
0.8 1.87776095515e-09
0.85 1.95233066552e-09
0.9 2.03094779163e-09
0.95 2.11495451725e-09
1.0 2.20606361725e-09
1.05 2.3063214694e-09
1.1 2.41795856544e-09
1.15 2.54469575622e-09
1.2 2.70834122711e-09
1.25 2.96381355609e-09
1.3 3.31570757241e-09
1.35 3.83795956771e-09
1.4 4.69166729807e-09
1.45 6.16016737812e-09
1.5 1.0082503235e-08
1.55 4.38612523669e-08
1.6 0.00841167852295
1.65 0.00841186191172
1.7 0.0556227166083
1.75 0.0770412167297
1.8 0.11451485823
1.85 0.128769030645
1.9 0.159914591404
1.95 0.255493811762
2.0 0.334848206352
0.0 0.0