0 0.0
0.05 0.0058223880683
0.1 0.00694104309174
0.15 0.00948495366079
0.2 0.00948497546132
0.25 0.0181155235738
0.3 0.0181171136373
0.35 0.107373026244
0.4 0.16647864545
0.45 0.214469618685
0.5 0.21446959239
0.55 0.214469672712
0.6 0.233435250631
0.65 0.233435417308
0.7 0.234104108061
0.75 0.257707979503
0.8 0.32680777688
0.85 0.58296653617
0.9 0.582967032626
0.95 0.582967035658
1.0 0.582967036018
1.05 0.58296703635
1.1 0.582967036644
1.15 0.58296703679
1.2 0.582967036874
1.25 0.582967036929
1.3 0.582967036973
1.35 0.582967037008
1.4 0.582967037038
1.45 0.582967037052
1.5 0.582967037092
1.55 0.582967037138
1.6 0.582967036028
1.65 0.58296703654
1.7 0.582967036847
1.75 0.582967036811
1.8 0.582967036939
1.85 0.582967037142
1.9 0.582967037397
1.95 0.58296703777
2.0 0.582967038397
-1.41460785567 -1.41460785567