0 0.0
0.05 1.02147666009e-10
0.1 2.12322164702e-10
0.15 3.33011279457e-10
0.2 4.67338336305e-10
0.25 6.19310898536e-10
0.3 7.94151471031e-10
0.35 9.98788652614e-10
0.4 1.24198647758e-09
0.45 1.53353672658e-09
0.5 1.87825909694e-09
0.55 2.2408095803e-09
0.6 3.14021675714e-09
0.65 6.07422465061e-09
0.7 5.62544803584e-09
0.75 0.0264430928861
0.8 0.111492063611
0.85 0.125506588187
0.9 0.191977869316
0.95 0.191977887378
1.0 0.191977968618
1.05 0.256262829287
1.1 0.267761292114
1.15 0.321992651325
1.2 0.412442789851
1.25 0.412442932189
1.3 0.423008579061
1.35 0.474096005105
1.4 0.721170350638
1.45 0.734864291936
1.5 0.795245609501
1.55 0.79524565256
1.6 0.828019647321
1.65 0.834448643949
1.7 0.835211683918
1.75 0.835344659797
1.8 0.849343342242
1.85 0.852077592821
1.9 0.852329178489
1.95 1.08629076248
2.0 1.14851139739
0.0 0.0