0 0.0
0.05 1.82227025884e-11
0.1 1.06160550421e-08
0.15 5.3290321927e-11
0.2 1.39430677614e-08
0.25 1.55753292041e-08
0.3 1.71902247192e-08
0.35 1.8788344713e-08
0.4 2.03699171815e-08
0.45 2.19348178024e-08
0.5 2.34825667795e-08
0.55 2.50123310396e-08
0.6 2.67083862631e-08
0.65 2.85727803683e-08
0.7 3.04714929535e-08
0.75 3.24051151336e-08
0.8 3.43739697964e-08
0.85 3.63781803069e-08
0.9 3.84176184755e-08
0.95 4.04920870558e-08
1.0 4.26173596655e-08
1.05 4.4780859819e-08
1.1 4.69825512629e-08
1.15 4.92196906272e-08
1.2 5.14912094071e-08
1.25 5.37958718453e-08
1.3 5.61322677192e-08
1.35 5.84988574646e-08
1.4 6.08939448309e-08
1.45 6.33156336379e-08
1.5 6.57619082459e-08
1.55 6.82305457462e-08
1.6 7.07191271496e-08
1.65 7.32250432561e-08
1.7 7.57455161713e-08
1.75 7.8277534543e-08
1.8 8.08179031096e-08
1.85 8.3363231691e-08
1.9 8.59099527089e-08
1.95 8.84543828712e-08
2.0 9.09926601426e-08
0.0 0.0