0 0.0
0.05 5.07377614162e-12
0.1 1.26696108525e-11
0.15 2.2462610345e-11
0.2 3.42819232329e-11
0.25 4.81444829678e-11
0.3 6.41306483876e-11
0.35 8.17551593401e-11
0.4 1.00998096901e-10
0.45 1.21636809762e-10
0.5 1.43440341981e-10
0.55 1.6632240981e-10
0.6 1.90048455235e-10
0.65 2.1432397041e-10
0.7 2.3917186584e-10
0.75 2.64485285019e-10
0.8 2.90090536461e-10
0.85 3.1586327748e-10
0.9 3.4170292001e-10
0.95 3.67505061885e-10
1.0 3.9318162332e-10
1.05 4.18655508813e-10
1.1 4.44036312945e-10
1.15 4.69223762312e-10
1.2 4.94050775891e-10
1.25 5.17837608742e-10
1.3 5.41027920995e-10
1.35 5.65014358237e-10
1.4 5.90261344339e-10
1.45 6.15893744755e-10
1.5 6.41936730936e-10
1.55 6.68372879463e-10
1.6 6.95230135903e-10
1.65 7.22526868854e-10
1.7 7.50258834297e-10
1.75 7.78435120836e-10
1.8 8.07057233716e-10
1.85 8.36121369078e-10
1.9 8.65620493558e-10
1.95 8.95527550406e-10
2.0 9.25805775961e-10
0.0 0.0