0 0.0
0.05 -8.22479173657e-08
0.1 5.4535043148e-11
0.15 8.16371414913e-11
0.2 -7.40899983587e-08
0.25 -7.13574770383e-08
0.3 1.63735469627e-10
0.35 1.82146520089e-10
0.4 -6.31028886922e-08
0.45 -6.0328696927e-08
0.5 2.73870481848e-10
0.55 2.99909874713e-10
0.6 3.22992299573e-10
0.65 -5.01571209011e-08
0.7 3.73557851319e-10
0.75 3.99643207416e-10
0.8 4.26583879332e-10
0.85 4.54275062012e-10
0.9 4.82864637164e-10
0.95 5.12265119212e-10
1.0 5.42393463476e-10
1.05 5.73430858353e-10
1.1 6.05391070607e-10
1.15 6.38295638566e-10
1.2 6.72148559033e-10
1.25 7.07012004497e-10
1.3 7.42858219382e-10
1.35 7.79730724432e-10
1.4 8.17650169793e-10
1.45 8.56622106582e-10
1.5 8.96716700893e-10
1.55 9.37902422393e-10
1.6 9.80235226322e-10
1.65 1.02372044175e-09
1.7 1.06841846481e-09
1.75 1.11432263417e-09
1.8 1.16148113349e-09
1.85 1.20995369279e-09
1.9 1.25973964593e-09
1.95 1.31088651045e-09
2.0 1.36340072565e-09
1.33626133243 1.33626133243