0 0.0
0.05 0.00864737638615
0.1 0.083849800385
0.15 0.0838498800752
0.2 0.104407216216
0.25 0.134674604784
0.3 0.193656915208
0.35 0.220903723914
0.4 0.227662389116
0.45 0.254079186525
0.5 0.318363016288
0.55 0.329002452457
0.6 0.40751068534
0.65 0.425811463437
0.7 0.448471733201
0.75 0.453931007837
0.8 0.541678199664
0.85 0.649908956903
0.9 0.666516994096
0.95 0.720099682998
1.0 0.720099674822
1.05 0.720752106054
1.1 0.747451768199
1.15 0.771332672298
1.2 0.780812750025
1.25 0.780812764807
1.3 0.782392378225
1.35 0.800068485571
1.4 0.815321664977
1.45 0.82474722478
1.5 0.842468207993
1.55 0.848739508654
1.6 0.857449302836
1.65 0.882691572257
1.7 1.05732451827
1.75 1.07046898763
1.8 1.11719030068
1.85 1.11719039446
1.9 1.17235029532
1.95 1.18523478156
2.0 1.23125138473
0.0 0.0