0 0.0
0.05 8.8573423713e-11
0.1 1.74156914186e-10
0.15 2.58029682577e-10
0.2 3.41464949221e-10
0.25 4.2562406138e-10
0.3 5.11701868847e-10
0.35 6.01051215834e-10
0.4 6.95757721711e-10
0.45 7.97251807892e-10
0.5 9.07697233818e-10
0.55 1.0298278731e-09
0.6 1.16720964698e-09
0.65 1.32464109063e-09
0.7 1.50879202464e-09
0.75 1.72926409631e-09
0.8 2.00043728994e-09
0.85 2.34486056125e-09
0.9 2.7998551348e-09
0.95 3.43112901032e-09
1.0 4.36088880404e-09
1.05 5.88541234134e-09
1.1 1.19163732779e-08
1.15 0.0423167497656
1.2 0.120359277746
1.25 0.199157576976
1.3 0.208055527974
1.35 0.209314741999
1.4 0.278049915087
1.45 0.374993114644
1.5 0.400302922437
1.55 0.48024482946
1.6 0.483281396496
1.65 0.534532760304
1.7 0.585165182213
1.75 0.629323682156
1.8 0.652474108184
1.85 0.661531256431
1.9 0.695554817603
1.95 0.807226759903
2.0 0.863645891642
0.0 0.0