0 0.0
0.05 8.42928776247e-10
0.1 2.17998275993e-09
0.15 4.65500484144e-09
0.2 2.27743823795e-08
0.25 0.0465450681494
0.3 0.0515768071224
0.35 0.0515774094162
0.4 0.0943487690915
0.45 0.0943488949259
0.5 0.123822005582
0.55 0.175123906009
0.6 0.175123928844
0.65 0.175123934924
0.7 0.218716532031
0.75 0.287311976464
0.8 0.312170549778
0.85 0.588764183675
0.9 0.588764173318
0.95 0.588764223617
1.0 0.810099489121
1.05 0.811761372014
1.1 0.876430586054
1.15 0.885011518276
1.2 0.905276637583
1.25 0.954513547652
1.3 1.07658060376
1.35 1.09033210958
1.4 1.13615825187
1.45 1.19391526571
1.5 1.25272988157
1.55 1.33869746668
1.6 1.34217195326
1.65 1.34217213923
1.7 1.39172453502
1.75 1.39486893238
1.8 1.40203892969
1.85 1.43219046845
1.9 1.45805964674
1.95 1.45993340772
2.0 1.46348993626
0.0 0.0