0 0.0
0.05 -2.42465568971e-10
0.1 7.59021404315e-09
0.15 7.30576403667e-09
0.2 -3.20661236296e-10
0.25 6.31945370039e-09
0.3 0.00165495647491
0.35 0.134070995273
0.4 0.317572085247
0.45 0.324945254846
0.5 0.374857030925
0.55 0.38394533079
0.6 0.590474075767
0.65 0.611760164501
0.7 0.672048802126
0.75 0.692191619801
0.8 0.810267524968
0.85 0.988725290828
0.9 1.0417221793
0.95 1.07591377783
1.0 1.09659642819
1.05 1.09659643072
1.1 1.12112906538
1.15 1.20878835722
1.2 1.24776006276
1.25 1.32538715099
1.3 1.36333074792
1.35 1.36333078795
1.4 1.46486186866
1.45 1.46486188296
1.5 1.46486188604
1.55 1.48737823907
1.6 1.49879451453
1.65 1.50111226248
1.7 1.50111226265
1.75 1.50439397695
1.8 1.50439498379
1.85 1.51501028997
1.9 1.51501029419
1.95 1.51723375401
2.0 1.57307424873
0.0 0.0