0 0.0
0.05 3.35327441248e-10
0.1 5.89466678138e-10
0.15 7.90185151177e-10
0.2 9.54086118343e-10
0.25 1.09171483623e-09
0.3 1.21025854741e-09
0.35 1.31463911995e-09
0.4 1.40842375423e-09
0.45 1.49429457078e-09
0.5 1.57434346054e-09
0.55 1.65026673268e-09
0.6 1.72349924354e-09
0.65 1.79531323459e-09
0.7 1.8669007659e-09
0.75 1.93943445911e-09
0.8 2.01413979833e-09
0.85 2.09238125704e-09
0.9 2.17578605456e-09
0.95 2.26646217636e-09
1.0 2.36745384496e-09
1.05 2.48381811575e-09
1.1 2.62531997156e-09
1.15 2.81261844285e-09
1.2 3.08287611905e-09
1.25 3.43626327967e-09
1.3 3.8187022205e-09
1.35 3.92824732871e-09
1.4 4.17895937404e-09
1.45 6.43758998204e-09
1.5 8.2363449469e-09
1.55 2.70240033025e-09
1.6 3.70197491176e-09
1.65 1.53582084961e-08
1.7 0.0301042188807
1.75 0.147547514378
1.8 0.147548027745
1.85 0.183170486713
1.9 0.301640793872
1.95 0.307409316925
2.0 0.308623033421
0.0 0.0