0 0.0
0.05 1.99083266293e-11
0.1 4.06793116574e-11
0.15 6.18988533043e-11
0.2 8.32287561738e-11
0.25 1.055258083e-10
0.3 1.28187152977e-10
0.35 1.51485758638e-10
0.4 1.75432636919e-10
0.45 1.99534760379e-10
0.5 4.19997939131e-08
0.55 2.5067831009e-10
0.6 2.76009160424e-10
0.65 3.02605728433e-10
0.7 3.34780494387e-10
0.75 3.68092513131e-10
0.8 4.02780718354e-10
0.85 4.38499084646e-10
0.9 4.75397473576e-10
0.95 5.13576702895e-10
1.0 5.52725176963e-10
1.05 5.93645755224e-10
1.1 6.35555518676e-10
1.15 6.78692401456e-10
1.2 7.23053894581e-10
1.25 7.68369673925e-10
1.3 8.14790860382e-10
1.35 8.62213839881e-10
1.4 9.10560285912e-10
1.45 9.59785728153e-10
1.5 1.00973516371e-09
1.55 1.06037992928e-09
1.6 1.11154838037e-09
1.65 1.16313440616e-09
1.7 1.21498090218e-09
1.75 1.26686035441e-09
1.8 1.31858774913e-09
1.85 1.36997787422e-09
1.9 1.42068670139e-09
1.95 1.47041998241e-09
2.0 1.51888977258e-09
0.0 0.0