0 0.0
0.05 1.52461322649e-11
0.1 -3.36553039294e-09
0.15 -1.89434527841e-09
0.2 5.92781099225e-11
0.25 9.85331533447e-10
0.3 2.39766429914e-09
0.35 3.79636775052e-09
0.4 5.18294064768e-09
0.45 6.5587655141e-09
0.5 7.9250854252e-09
0.55 9.33516107643e-09
0.6 1.08614351713e-08
0.65 1.24149522391e-08
0.7 1.39972491004e-08
0.75 1.56097757921e-08
0.8 1.72540034743e-08
0.85 1.89312998167e-08
0.9 2.06429678585e-08
0.95 2.23902648816e-08
1.0 2.41743608536e-08
1.05 3.23947889292e-10
1.1 2.78702538809e-08
1.15 4.03185292278e-10
1.2 3.81200034946e-10
1.25 3.37398890451e-08
1.3 3.57844910697e-08
1.35 3.78745975407e-08
1.4 4.00109848941e-08
1.45 4.21944131427e-08
1.5 4.44256049345e-08
1.55 5.48811477591e-10
1.6 5.55170582866e-10
1.65 5.14121782384e-08
1.7 6.39512226349e-10
1.75 6.27100714098e-10
1.8 6.52350537783e-10
1.85 6.79207178283e-10
1.9 6.40690485563e-08
1.95 7.32085112459e-10
2.0 7.59183953744e-10
0.0 0.0