0 0.0
0.05 -1.82481287747e-07
0.1 -1.76442408906e-07
0.15 -1.70549686485e-07
0.2 -1.64931361457e-07
0.25 -1.59734917626e-07
0.3 -1.5512544449e-07
0.35 -1.51284435423e-07
0.4 -1.48567812386e-07
0.45 -1.47030375985e-07
0.5 -1.46724166372e-07
0.55 -1.4772778989e-07
0.6 -1.49852583453e-07
0.65 3.74670516834e-10
0.7 3.8228842314e-10
0.75 -1.26465598771e-07
0.8 -2.92470739849e-08
0.85 -3.05247168653e-08
0.9 -3.65621493081e-08
0.95 -3.51399916942e-08
1.0 -3.37870050826e-08
1.05 -3.24965023779e-08
1.1 -3.12621942777e-08
1.15 -3.00782719842e-08
1.2 -2.89394308517e-08
1.25 -2.78461121939e-08
1.3 -2.6783179341e-08
1.35 -2.57443568685e-08
1.4 -2.47275577792e-08
1.45 -2.37310606721e-08
1.5 -2.27535366104e-08
1.55 -2.1793930105e-08
1.6 -2.08514976396e-08
1.65 -1.99166935166e-08
1.7 -1.89924151961e-08
1.75 -1.80868041655e-08
1.8 -1.71995537812e-08
1.85 -1.63304814116e-08
1.9 -1.54794526086e-08
1.95 -1.46464257389e-08
2.0 -1.38313821507e-08
0.591567912838 0.591567912838