0 0.0
0.05 8.48598009139e-11
0.1 1.7154385529e-10
0.15 2.61418367691e-10
0.2 3.56010084604e-10
0.25 4.5721474112e-10
0.3 5.67108452536e-10
0.35 6.88403003019e-10
0.4 8.24624295773e-10
0.45 9.80506322443e-10
0.5 1.1626182061e-09
0.55 1.3803919274e-09
0.6 1.64784637116e-09
0.65 1.98643303024e-09
0.7 2.42902648908e-09
0.75 3.01988619515e-09
0.8 3.83114300203e-09
0.85 5.07386431198e-09
0.9 9.42148589064e-09
0.95 1.07799375375e-09
1.0 0.0012226772064
1.05 0.0170711924466
1.1 0.150541901953
1.15 0.155648711084
1.2 0.159583495875
1.25 0.187029518941
1.3 0.351963073338
1.35 0.392828518367
1.4 0.449370173662
1.45 0.518688418363
1.5 0.562716353513
1.55 0.629147306367
1.6 0.634013461241
1.65 0.648414795275
1.7 0.798464450552
1.75 0.843864217137
1.8 0.87503395451
1.85 0.896407520957
1.9 0.910995066193
1.95 0.910995241492
2.0 0.979047981914
0.0 0.0