0 0.0
0.05 3.73628909301e-11
0.1 3.25936054928e-11
0.15 -1.09235607411e-08
0.2 -8.99887438611e-09
0.25 -7.08968088774e-09
0.3 -5.19136628731e-09
0.35 -3.29922589829e-09
0.4 1.54320637339e-10
0.45 1.73675675161e-10
0.5 2.38843813493e-09
0.55 4.30452190765e-09
0.6 6.23907225365e-09
0.65 8.19716026692e-09
0.7 1.01838972269e-08
0.75 2.93116554684e-10
0.8 3.11112972205e-10
0.85 1.6367090043e-08
0.9 3.5367381467e-10
0.95 3.75758756486e-10
1.0 4.02097574875e-10
1.05 4.21743517457e-10
1.1 2.77156289622e-08
1.15 4.71235117898e-10
1.2 3.27295121881e-08
1.25 3.53546825907e-08
1.3 3.80633369724e-08
1.35 5.77539059892e-10
1.4 6.06060987162e-10
1.45 4.6731447424e-08
1.5 6.66643504933e-10
1.55 6.99064069672e-10
1.6 5.63369160549e-08
1.65 8.79472870048e-10
1.7 8.01475868628e-10
1.75 8.37724060727e-10
1.8 8.75136424603e-10
1.85 9.13560281897e-10
1.9 1.47364352633e-09
1.95 9.94094049167e-10
2.0 1.03495088628e-09
0.0 0.0