0 0.0
0.05 1.94321691308e-11
0.1 -6.89525496573e-10
0.15 1.15288369508e-09
0.2 2.99217594537e-09
0.25 4.83861010377e-09
0.3 1.11259387122e-10
0.35 8.61040655239e-09
0.4 1.50923585164e-10
0.45 1.28237162112e-08
0.5 1.9498272944e-10
0.55 1.74277031549e-08
0.6 2.43182038222e-10
0.65 2.68991223698e-10
0.7 2.96252465007e-10
0.75 3.24965514218e-10
0.8 3.55165751721e-10
0.85 3.86991779247e-10
0.9 4.20533092455e-10
0.95 4.55882141499e-10
1.0 4.9316174737e-10
1.05 5.32472270218e-10
1.1 5.73904421154e-10
1.15 6.17587687646e-10
1.2 6.63570648157e-10
1.25 7.12000530562e-10
1.3 7.62953938084e-10
1.35 8.16469315962e-10
1.4 8.72710818986e-10
1.45 9.31728714475e-10
1.5 9.93579000521e-10
1.55 1.05838525233e-09
1.6 1.12623086543e-09
1.65 1.19717459266e-09
1.7 1.27135919392e-09
1.75 1.34923847657e-09
1.8 1.43100350474e-09
1.85 1.51688518189e-09
1.9 1.60668715569e-09
1.95 1.70075495912e-09
2.0 1.79905687253e-09
0.0 0.0