0 0.0
0.05 1.07670865065e-07
0.1 1.08830590575e-07
0.15 1.0970005029e-07
0.2 1.10256781091e-07
0.25 1.10494512176e-07
0.3 1.10411076701e-07
0.35 1.10008763014e-07
0.4 1.0929435693e-07
0.45 1.08279153675e-07
0.5 1.07550111123e-07
0.55 1.08655868694e-07
0.6 1.09714258691e-07
0.65 1.10721157575e-07
0.7 1.11687585881e-07
0.75 1.12616522722e-07
0.8 1.13459164835e-07
0.85 1.141936818e-07
0.9 1.14790865047e-07
0.95 1.15212199657e-07
1.0 1.15407213468e-07
1.05 1.15310056904e-07
1.1 1.1483439577e-07
1.15 1.13865769198e-07
1.2 1.12249375928e-07
1.25 1.09767965323e-07
1.3 1.06098611882e-07
1.35 1.00714208941e-07
1.4 9.26166193198e-08
1.45 7.94035120304e-08
1.5 7.15423776657e-08
1.55 7.38661602368e-08
1.6 7.77404724723e-08
1.65 7.86858214995e-08
1.7 7.63548425681e-08
1.75 7.6797939323e-08
1.8 2.04127348663e-07
1.85 2.39734622709e-09
1.9 3.72486239221e-09
1.95 4.99101200586e-09
2.0 6.19792236141e-09
0.0 0.0