0 0.0
0.05 2.85010136961e-08
0.1 3.03972278388e-08
0.15 5.80289963015e-11
0.2 3.41787219291e-08
0.25 3.60708538357e-08
0.3 3.79680550807e-08
0.35 3.98615995432e-08
0.4 4.17502041752e-08
0.45 4.36325031623e-08
0.5 4.55071154361e-08
0.55 4.73726574282e-08
0.6 4.92278454812e-08
0.65 5.14679044206e-08
0.7 5.38568768748e-08
0.75 5.62834303339e-08
0.8 5.87465607256e-08
0.85 6.12453063525e-08
0.9 6.37786917103e-08
0.95 6.63458328068e-08
1.0 6.8945950594e-08
1.05 7.1578322183e-08
1.1 7.42424384664e-08
1.15 7.69379324392e-08
1.2 7.96646094931e-08
1.25 8.242250445e-08
1.3 8.52137790759e-08
1.35 8.80543671383e-08
1.4 9.09286295289e-08
1.45 9.38375015574e-08
1.5 9.67822427027e-08
1.55 9.97643695514e-08
1.6 1.02785745646e-07
1.65 1.05848480027e-07
1.7 1.08955056257e-07
1.75 1.12151594111e-07
1.8 1.15488272826e-07
1.85 1.18890686498e-07
1.9 1.22363469769e-07
1.95 1.25911699632e-07
2.0 1.29540852549e-07
0.0 0.0