0 0.0
0.05 1.00146899705e-10
0.1 2.09442104563e-10
0.15 3.30633428318e-10
0.2 4.67245089762e-10
0.25 6.25108340658e-10
0.3 8.1102747175e-10
0.35 1.0338936281e-09
0.4 1.30779683607e-09
0.45 1.65441224382e-09
0.5 2.10875811525e-09
0.55 2.73099974652e-09
0.6 3.63329611503e-09
0.65 5.05025648646e-09
0.7 7.56600221546e-09
0.75 1.30411444714e-08
0.8 5.02300776946e-08
0.85 0.00147615690747
0.9 0.0243198677122
0.95 0.248078657989
1.0 0.265103468379
1.05 0.273239210558
1.1 0.291268668395
1.15 0.299985587485
1.2 0.336445409697
1.25 0.525809273216
1.3 0.576281103391
1.35 0.611810132441
1.4 0.861742401016
1.45 0.924159700029
1.5 1.09045763186
1.55 1.12222802196
1.6 1.17427522674
1.65 1.17427562058
1.7 1.19307203971
1.75 1.24805728097
1.8 1.28730781349
1.85 1.30760843407
1.9 1.30760868099
1.95 1.42182656998
2.0 1.42182700139
0.0 0.0