0 0.0
0.05 8.41734910674e-11
0.1 1.67941350425e-10
0.15 2.52280250023e-10
0.2 3.38241462061e-10
0.25 4.27636827161e-10
0.3 5.22585735949e-10
0.35 6.24431946922e-10
0.4 7.35376289532e-10
0.45 8.58215685701e-10
0.5 9.96608313678e-10
0.55 1.15547998323e-09
0.6 1.3418461881e-09
0.65 1.56542212428e-09
0.7 1.84083519407e-09
0.75 2.19085281648e-09
0.8 2.6527979592e-09
0.85 3.29184782852e-09
0.9 4.22396018358e-09
0.95 5.73178476445e-09
1.0 8.65982434216e-09
1.05 1.46440269106e-08
1.1 3.28715127783e-08
1.15 8.78120484939e-08
1.2 0.00653128048039
1.25 0.00653128558879
1.3 0.0136902074753
1.35 0.044772930706
1.4 0.188288229564
1.45 0.404170975871
1.5 0.404171105877
1.55 0.44747668552
1.6 0.454509914449
1.65 0.45450994682
1.7 0.492138294208
1.75 0.504319006667
1.8 0.505051522422
1.85 0.587996830812
1.9 0.603842462898
1.95 0.603842581096
2.0 0.603842554582
0.0 0.0