0 0.0
0.05 8.51470895951e-11
0.1 1.70392903233e-10
0.15 2.56838559016e-10
0.2 3.45640402846e-10
0.25 4.38059246524e-10
0.3 5.35520918207e-10
0.35 6.39693978333e-10
0.4 7.5232241134e-10
0.45 8.75973870006e-10
0.5 1.01388838246e-09
0.55 1.17026551964e-09
0.6 1.35079491017e-09
0.65 1.56343154665e-09
0.7 1.81969607124e-09
0.75 2.13696355587e-09
0.8 2.54272797261e-09
0.85 3.08247685027e-09
0.9 3.83843492149e-09
0.95 4.97539232586e-09
1.0 6.8673421251e-09
1.05 1.06041904725e-08
1.1 2.13219867767e-08
1.15 0.0209873479316
1.2 0.0312843499983
1.25 0.0681519915714
1.3 0.133306789791
1.35 0.233779264107
1.4 0.275839687028
1.45 0.284779107912
1.5 0.29334848275
1.55 0.293348675778
1.6 0.366286920346
1.65 0.469484059222
1.7 0.477535040525
1.75 0.477536494279
1.8 0.557926096285
1.85 0.617434911923
1.9 0.666980838438
1.95 0.743111348485
2.0 0.834269377145
0.0 0.0