0 0.0
0.05 0.0211081039624
0.1 0.038046955192
0.15 0.0390079413253
0.2 0.047348938807
0.25 0.0482920914047
0.3 0.0492555847241
0.35 0.145546048915
0.4 0.201031158224
0.45 0.213302833673
0.5 0.218722868965
0.55 0.220979034472
0.6 0.220979096679
0.65 0.220979079361
0.7 0.220979083941
0.75 0.220979086777
0.8 0.220979088719
0.85 0.220979090147
0.9 0.220979091252
0.95 0.220979092143
1.0 0.220979092909
1.05 0.220979093788
1.1 0.220979094597
1.15 0.220979094956
1.2 0.220979095167
1.25 0.220979095412
1.3 0.22097909572
1.35 0.220979096072
1.4 0.220979096461
1.45 0.22097909685
1.5 0.220979097175
1.55 0.220979097305
1.6 0.220979097484
1.65 0.220979097599
1.7 0.220979097615
1.75 0.220979097722
1.8 0.22097909757
1.85 0.220979097994
1.9 0.22097909931
1.95 0.220979100489
2.0 0.220979097162
0.0 0.0