0 0.0
0.05 2.42853420989e-10
0.1 5.50996439194e-10
0.15 9.59245683418e-10
0.2 1.53233419737e-09
0.25 2.40559421028e-09
0.3 3.91635118047e-09
0.35 7.21543233072e-09
0.4 2.03160083469e-08
0.45 0.0186258806414
0.5 0.0717501045151
0.55 0.0883744120155
0.6 0.125487009076
0.65 0.19559923534
0.7 0.276172820941
0.75 0.279591241763
0.8 0.279591310038
0.85 0.300840461137
0.9 0.357455845152
0.95 0.357817603163
1.0 0.357818015105
1.05 0.42352614012
1.1 0.446618769952
1.15 0.46999487788
1.2 0.469995274726
1.25 0.562164266011
1.3 0.565100261224
1.35 0.606155144334
1.4 0.615435504673
1.45 0.634412204396
1.5 0.634412267562
1.55 0.661828392538
1.6 0.688251049007
1.65 0.702985956842
1.7 0.750769379858
1.75 0.750769440461
1.8 0.794143005262
1.85 0.79414408917
1.9 0.832256889807
1.95 0.834705054042
2.0 0.841413166086
0.0 0.0