0 0.0
0.05 0.0157300646566
0.1 0.130183896948
0.15 0.130183997704
0.2 0.134470629785
0.25 0.22807139623
0.3 0.25910605021
0.35 0.2812101818
0.4 0.307706178071
0.45 0.325606645072
0.5 0.419321820946
0.55 0.443559506643
0.6 0.516466500538
0.65 0.657390678575
0.7 0.693925938979
0.75 0.736353689218
0.8 0.750484126592
0.85 0.750488143677
0.9 0.780812944238
0.95 0.923661013264
1.0 0.933362972327
1.05 1.03712054238
1.1 1.18338155693
1.15 1.2053080652
1.2 1.21604843375
1.25 1.22890240418
1.3 1.33493216911
1.35 1.48476863151
1.4 1.50859422801
1.45 1.51132032237
1.5 1.53602789706
1.55 1.56575361988
1.6 1.57155378295
1.65 1.5740740423
1.7 1.57407407853
1.75 1.64989617285
1.8 1.80226807099
1.85 1.90060170849
1.9 1.90060197212
1.95 2.00659095139
2.0 2.0128974071
0.0 0.0