0 0.0
0.05 1.05415537015e-10
0.1 2.03100428257e-10
0.15 2.94998509629e-10
0.2 3.82668150388e-10
0.25 4.67625421283e-10
0.3 5.51169004998e-10
0.35 6.34510988802e-10
0.4 7.18857438282e-10
0.45 8.05499672217e-10
0.5 8.95878997638e-10
0.55 9.93098070945e-10
0.6 1.09858160439e-09
0.65 1.21514257706e-09
0.7 1.34696661545e-09
0.75 1.49895148587e-09
0.8 1.67843670353e-09
0.85 1.89610845452e-09
0.9 2.16847671117e-09
0.95 2.52234952659e-09
1.0 3.00474527171e-09
1.05 3.70709137349e-09
1.1 4.79009730755e-09
1.15 6.63141648854e-09
1.2 9.87006461604e-09
1.25 8.65016869644e-09
1.3 0.006101169191
1.35 0.00610129338034
1.4 0.0355027133189
1.45 0.0718323661677
1.5 0.181774297765
1.55 0.216865853434
1.6 0.289885195717
1.65 0.340816913794
1.7 0.37011689148
1.75 0.370117158699
1.8 0.4801991453
1.85 0.480199181367
1.9 0.480200212395
1.95 0.53536248573
2.0 0.539071869257
0.0 0.0