0 0.0
0.05 -1.84316191675e-08
0.1 4.09449411958e-11
0.15 -1.45270342397e-08
0.2 7.8130724432e-11
0.25 9.69101735378e-11
0.3 -8.86520781341e-09
0.35 -7.02464769928e-09
0.4 -1.22626145862e-08
0.45 1.68654058307e-10
0.5 -1.61786125078e-09
0.55 2.05872095397e-10
0.6 2.2344967378e-10
0.65 3.66200072534e-09
0.7 5.40461156995e-09
0.75 2.75846212996e-10
0.8 8.87822246418e-09
0.85 1.06408200705e-08
0.9 1.24170354019e-08
0.95 1.41995455684e-08
1.0 1.59901034235e-08
1.05 3.83096554e-10
1.1 4.00412227793e-10
1.15 2.14249855783e-08
1.2 2.32616871911e-08
1.25 2.51123188356e-08
1.3 4.7786870721e-10
1.35 2.88569082391e-08
1.4 3.07508035072e-08
1.45 3.26585153686e-08
1.5 3.45791771719e-08
1.55 3.65115453046e-08
1.6 3.8453984231e-08
1.65 4.0404526193e-08
1.7 4.23607960965e-08
1.75 4.43200922158e-08
1.8 4.62793188122e-08
1.85 4.82350848954e-08
1.9 5.01836748862e-08
1.95 5.21211025559e-08
2.0 5.40430906649e-08
0.0 0.0