0 0.0
0.05 -1.25807456897e-07
0.1 1.13775655564e-12
0.15 5.13060705032e-11
0.2 7.05999703143e-11
0.25 9.20228337975e-11
0.3 1.1410916656e-10
0.35 1.36737954293e-10
0.4 1.60383706316e-10
0.45 1.85247595041e-10
0.5 2.11098916125e-10
0.55 2.38058239788e-10
0.6 2.65888644435e-10
0.65 2.94892776864e-10
0.7 3.24618332215e-10
0.75 3.55259599516e-10
0.8 3.86780163453e-10
0.85 4.19143164621e-10
0.9 4.52061277301e-10
0.95 4.8577786238e-10
1.0 5.19942755517e-10
1.05 5.54630785743e-10
1.1 5.89604587375e-10
1.15 6.2517879762e-10
1.2 6.60832499833e-10
1.25 6.96753987839e-10
1.3 7.32656824098e-10
1.35 7.68790364702e-10
1.4 8.04763145013e-10
1.45 8.4063356276e-10
1.5 8.76299921515e-10
1.55 9.11775543955e-10
1.6 9.46844158634e-10
1.65 9.81613457185e-10
1.7 1.01590247326e-09
1.75 1.04979425153e-09
1.8 1.083229062e-09
1.85 1.11583009499e-09
1.9 1.14783627048e-09
1.95 1.17919185527e-09
2.0 -6.54165055458e-09
1.47572271608 1.47572271608