0 0.0
0.05 2.78821112191e-08
0.1 2.96740357539e-08
0.15 3.14364884888e-08
0.2 3.31623069377e-08
0.25 3.48436521672e-08
0.3 3.6472064481e-08
0.35 3.80385842342e-08
0.4 3.95339565387e-08
0.45 4.09487280828e-08
0.5 4.22735351395e-08
0.55 4.349927506e-08
0.6 4.46173731461e-08
0.65 4.56200165232e-08
0.7 4.6500384237e-08
0.75 4.72528851018e-08
0.8 4.78733431412e-08
0.85 4.83607044059e-08
0.9 4.9266259336e-08
0.95 5.04480033354e-08
1.0 5.15825519087e-08
1.05 5.26676858437e-08
1.1 5.37008557777e-08
1.15 5.46789114591e-08
1.2 5.56060436669e-08
1.25 5.64705778503e-08
1.3 5.72629768433e-08
1.35 5.79739295782e-08
1.4 5.85912054393e-08
1.45 5.91399117875e-08
1.5 5.95641838815e-08
1.55 5.9837485996e-08
1.6 5.99269879206e-08
1.65 5.97898087154e-08
1.7 5.93692374489e-08
1.75 5.85885406926e-08
1.8 5.73398689489e-08
1.85 5.54622923929e-08
1.9 5.26912164926e-08
1.95 4.85197152736e-08
2.0 4.17049409404e-08
0.0 0.0