0 0.0
0.05 1.0248978853e-08
0.1 3.42747969557e-11
0.15 1.36781917908e-08
0.2 7.14136142795e-11
0.25 8.56979186454e-11
0.3 1.87997316007e-08
0.35 2.05028849564e-08
0.4 2.22040391492e-08
0.45 2.39027633128e-08
0.5 2.55983731814e-08
0.55 2.72898769649e-08
0.6 2.8976039105e-08
0.65 3.06553468649e-08
0.7 3.23260939405e-08
0.75 3.39863440788e-08
0.8 3.56339915344e-08
0.85 3.72668052843e-08
0.9 3.88824389889e-08
0.95 4.04784946737e-08
1.0 4.20525533788e-08
1.05 4.36022120278e-08
1.1 4.5123911863e-08
1.15 4.66160921453e-08
1.2 4.80771832505e-08
1.25 4.95053184795e-08
1.3 5.0898788334e-08
1.35 5.22560928987e-08
1.4 5.3575956468e-08
1.45 5.48573157059e-08
1.5 5.60993375016e-08
1.55 5.73014269129e-08
1.6 5.84631960725e-08
1.65 5.95845104272e-08
1.7 6.0665424604e-08
1.75 6.17061933397e-08
1.8 6.27073008185e-08
1.85 6.36694028653e-08
1.9 6.45933285797e-08
1.95 6.55757106743e-08
2.0 6.66082098188e-08
0.0 0.0