0 0.0
0.05 8.28939134412e-11
0.1 1.65667127772e-10
0.15 2.49540435161e-10
0.2 3.35765838405e-10
0.25 4.26393528901e-10
0.3 5.22862788295e-10
0.35 6.26895466566e-10
0.4 7.40814969104e-10
0.45 8.67550331005e-10
0.5 1.01088095067e-09
0.55 1.17577563243e-09
0.6 1.36882695794e-09
0.65 1.59866245548e-09
0.7 1.87447827365e-09
0.75 2.20397433683e-09
0.8 2.56632674206e-09
0.85 2.82910050784e-09
0.9 1.52771157607e-08
0.95 7.35912771396e-09
1.0 1.27426325994e-08
1.05 0.01607560119
1.1 0.0160783232012
1.15 0.119973749161
1.2 0.165147194002
1.25 0.165147425295
1.3 0.16991413176
1.35 0.187017103411
1.4 0.198981209376
1.45 0.202646767411
1.5 0.213601503617
1.55 0.213601546516
1.6 0.225500060121
1.65 0.317227271157
1.7 0.53201509087
1.75 0.585245306479
1.8 0.587766817659
1.85 0.58953325128
1.9 0.589533549894
1.95 0.589533306083
2.0 0.798890311198
0.0 0.0