0 0.0
0.05 1.39001244444e-10
0.1 2.98553823027e-10
0.15 4.85589299959e-10
0.2 7.10095750129e-10
0.25 9.87037437735e-10
0.3 1.33985056755e-09
0.35 1.80712913012e-09
0.4 2.4558822254e-09
0.45 3.40302960493e-09
0.5 5.44254819332e-09
0.55 1.37768508025e-08
0.6 0.0138384387689
0.65 0.0546361163097
0.7 0.102937554077
0.75 0.112717867366
0.8 0.180615106532
0.85 0.202847276342
0.9 0.301072682816
0.95 0.333698021215
1.0 0.354527707884
1.05 0.369565396623
1.1 0.387915173684
1.15 0.387915243214
1.2 0.416110724809
1.25 0.452542914547
1.3 0.462314119193
1.35 0.513873461846
1.4 0.654163333272
1.45 0.690826476352
1.5 0.842499782165
1.55 0.959135205505
1.6 1.03593563013
1.65 1.07533757715
1.7 1.08028159816
1.75 1.13387742185
1.8 1.13387761588
1.85 1.13887571955
1.9 1.13887578113
1.95 1.16916410118
2.0 1.16916413055
0.0 0.0