0 0.0
0.05 1.71183974843e-10
0.1 3.79563398009e-10
0.15 6.4018899379e-10
0.2 9.7667062722e-10
0.25 1.42794416533e-09
0.3 2.06214246938e-09
0.35 2.99764026097e-09
0.4 4.4960374338e-09
0.45 7.12846903216e-09
0.5 1.22111855998e-08
0.55 2.11246803555e-08
0.6 2.10704212824e-08
0.65 0.00517246595781
0.7 0.00517253199337
0.75 0.00857451991208
0.8 0.0169795364369
0.85 0.0287112239872
0.9 0.0357169284927
0.95 0.0444353887107
1.0 0.0735252225095
1.05 0.14622339814
1.1 0.203989440442
1.15 0.305276377535
1.2 0.311073046138
1.25 0.318259756886
1.3 0.321570915822
1.35 0.490201669385
1.4 0.495616041703
1.45 0.648074784012
1.5 0.700443799869
1.55 0.72687587598
1.6 0.76867228575
1.65 0.812589714456
1.7 0.956036578495
1.75 0.967496461458
1.8 1.06686501363
1.85 1.1632120617
1.9 1.18879599181
1.95 1.21231576401
2.0 1.2332947526
0.0 0.0