0 0.0
0.05 1.91886583959e-09
0.1 4.9711573679e-09
0.15 4.22526860842e-09
0.2 0.033111130114
0.25 0.142782498209
0.3 0.178898355981
0.35 0.178898386901
0.4 0.17889839219
0.45 0.178898408373
0.5 0.188373189289
0.55 0.204612270131
0.6 0.265849630921
0.65 0.275116074134
0.7 0.275116081593
0.75 0.275116100257
0.8 0.277976067233
0.85 0.28521258127
0.9 0.307945823988
0.95 0.307946319779
1.0 0.339670861614
1.05 0.420542219669
1.1 0.464946633384
1.15 0.599855513116
1.2 0.604306794013
1.25 0.670294351607
1.3 0.790960864637
1.35 0.798238647324
1.4 0.899925343218
1.45 0.985491986401
1.5 1.09283161108
1.55 1.09283162096
1.6 1.09283183163
1.65 1.14241510318
1.7 1.19130785274
1.75 1.20201791095
1.8 1.32336236018
1.85 1.34591617823
1.9 1.42898465161
1.95 1.58448942308
2.0 1.66836274655
0.0 0.0