0 0.0
0.05 3.26360713453e-08
0.1 3.45041946018e-08
0.15 3.63849813483e-08
0.2 3.82772297532e-08
0.25 4.01795794549e-08
0.3 4.20905008634e-08
0.35 4.40083313755e-08
0.4 4.59312518577e-08
0.45 4.78573315523e-08
0.5 4.9784532037e-08
0.55 5.17107063317e-08
0.6 3.1335017591e-10
0.65 5.5550954196e-08
0.7 5.74603483933e-08
0.75 5.93593303408e-08
0.8 6.12454139761e-08
0.85 6.31160598367e-08
0.9 6.49686853891e-08
0.95 6.68006800384e-08
1.0 6.86094040729e-08
1.05 7.0392192885e-08
1.1 7.21463808169e-08
1.15 7.38692619155e-08
1.2 7.55581562291e-08
1.25 7.72103498591e-08
1.3 7.8823634737e-08
1.35 8.03965229118e-08
1.4 8.19245834178e-08
1.45 8.34051025264e-08
1.5 8.48353433338e-08
1.55 8.62126439488e-08
1.6 8.75342873078e-08
1.65 8.87976267123e-08
1.7 9.00000218754e-08
1.75 9.11388386034e-08
1.8 9.22126999264e-08
1.85 9.32395616692e-08
1.9 9.41964881358e-08
1.95 9.50808140114e-08
2.0 9.58900443167e-08
0.0 0.0