0 0.0
0.05 1.99892395598e-11
0.1 -5.26743085579e-08
0.15 -5.07274792406e-08
0.2 -4.87987417618e-08
0.25 9.65543194421e-11
0.3 -4.49981392095e-08
0.35 -4.3127474303e-08
0.4 1.51374148912e-10
0.45 -3.94479746518e-08
0.5 -3.76399784876e-08
0.55 -3.5853610657e-08
0.6 2.25668679521e-10
0.65 2.42904167632e-10
0.7 -3.06263003065e-08
0.75 2.69998976216e-10
0.8 -2.72518792412e-08
0.85 -2.55975277293e-08
0.9 -2.39647412216e-08
0.95 -2.23531621804e-08
1.0 -2.07623248202e-08
1.05 -1.91916533418e-08
1.1 -1.76405190426e-08
1.15 -1.61081627053e-08
1.2 -1.45937557098e-08
1.25 -1.30963905757e-08
1.3 -1.16150543633e-08
1.35 -1.01486695323e-08
1.4 -8.69607707006e-09
1.45 -7.25606288407e-09
1.5 -5.82733420566e-09
1.55 -4.40855136805e-09
1.6 -2.99832306003e-09
1.65 -1.59521597285e-09
1.7 -1.97751386364e-10
1.75 1.19601253709e-09
1.8 2.59247867963e-09
1.85 3.99064871908e-09
1.9 5.39210933363e-09
1.95 6.79845081059e-09
2.0 8.21121883572e-09
0.0 0.0