0 0.0
0.05 1.33953732995e-07
0.1 7.30218108203e-11
0.15 1.38682167639e-07
0.2 1.41452175306e-07
0.25 1.47947175733e-07
0.3 2.40912956251e-10
0.35 3.11279335641e-10
0.4 1.69881336776e-07
0.45 4.6524428754e-10
0.5 5.45239853267e-10
0.55 6.26681262439e-10
0.6 7.08689107398e-10
0.65 7.92270582473e-10
0.7 8.77011352429e-10
0.75 9.62288249085e-10
0.8 1.04824482428e-09
0.85 1.13503506594e-09
0.9 1.22195298324e-09
0.95 1.30955368771e-09
1.0 1.3975343105e-09
1.05 1.48598422456e-09
1.1 1.5747775306e-09
1.15 1.66415570213e-09
1.2 1.75408687575e-09
1.25 1.84468362807e-09
1.3 1.93590810049e-09
1.35 2.02807304284e-09
1.4 2.12114004139e-09
1.45 2.2155658419e-09
1.5 2.31109298365e-09
1.55 2.40758391001e-09
1.6 2.56398047238e-09
1.65 2.77421108308e-09
1.7 2.99544955507e-09
1.75 3.22809445841e-09
1.8 3.47295003866e-09
1.85 3.73121911146e-09
1.9 4.00387434318e-09
1.95 4.2922178034e-09
2.0 4.59766880123e-09
-0.85540278109 -0.85540278109