0 0.0
0.05 1.08237083747e-10
0.1 2.07988032502e-10
0.15 3.01225808943e-10
0.2 3.89709822889e-10
0.25 4.74896833654e-10
0.3 5.58047568742e-10
0.35 6.40332138814e-10
0.4 7.23030915287e-10
0.45 8.07940322269e-10
0.5 8.9621419959e-10
0.55 9.89415543815e-10
0.6 1.08943922897e-09
0.65 1.19870507733e-09
0.7 1.3204821025e-09
0.75 1.4594712309e-09
0.8 1.62290079339e-09
0.85 1.82250737679e-09
0.9 2.07704642592e-09
0.95 2.40789511634e-09
1.0 2.57102128818e-09
1.05 3.08273544074e-09
1.1 3.72546178969e-09
1.15 5.04452705581e-09
1.2 5.79560369617e-09
1.25 1.64780340888e-08
1.3 8.68617238169e-09
1.35 0.00495073711549
1.4 0.204610254195
1.45 0.433899042315
1.5 0.607265828839
1.55 0.704379250575
1.6 0.730263417575
1.65 0.745282779657
1.7 0.796420731214
1.75 0.81252644173
1.8 0.814601145649
1.85 0.8543183729
1.9 0.854318386517
1.95 0.883301799285
2.0 0.91918737475
0.0 0.0