0 0.0
0.05 4.59666425778e-06
0.1 0.0590636136452
0.15 0.11094701297
0.2 0.131491624283
0.25 0.134529446431
0.3 0.135374352468
0.35 0.190489674908
0.4 0.441544622138
0.45 0.445090194811
0.5 0.473169802654
0.55 0.473169900456
0.6 0.475448569615
0.65 0.498658475772
0.7 0.512858337683
0.75 0.512858348625
0.8 0.512858386067
0.85 0.548528168961
0.9 0.651927984097
0.95 0.651928198461
1.0 0.651928202862
1.05 0.651928249848
1.1 0.680200252164
1.15 0.694649065929
1.2 0.711043788681
1.25 0.713531401438
1.3 0.722332710983
1.35 0.794264808188
1.4 0.806213656702
1.45 0.845410693868
1.5 0.865335936005
1.55 0.873276478537
1.6 0.919805451499
1.65 0.934970345131
1.7 0.934970408418
1.75 0.934970410731
1.8 0.93497041155
1.85 0.934970411947
1.9 0.934970412183
1.95 0.934970412337
2.0 0.934970412444
-1.36037072641 -1.36037072641