0 0.0
0.05 1.70427079033e-11
0.1 -5.8653970504e-09
0.15 -4.11012341107e-09
0.2 7.02488723114e-11
0.25 -6.22598265153e-10
0.3 1.05139946373e-10
0.35 6.12638524142e-11
0.4 1.40020855504e-10
0.45 1.57754940315e-10
0.5 1.7539608367e-10
0.55 1.93180741894e-10
0.6 2.11184511559e-10
0.65 1.35324930979e-08
0.7 1.53811250173e-08
0.75 1.72580503081e-08
0.8 1.91661541257e-08
0.85 2.11081812106e-08
0.9 2.30867021205e-08
0.95 2.51040579555e-08
1.0 2.71623847241e-08
1.05 2.92676196354e-08
1.1 3.14342254393e-08
1.15 3.3650900788e-08
1.2 3.59189319095e-08
1.25 3.82393705287e-08
1.3 4.06130130103e-08
1.35 4.30404443658e-08
1.4 4.55220133884e-08
1.45 4.80578968682e-08
1.5 5.06480319564e-08
1.55 5.32922637476e-08
1.6 5.59902802816e-08
1.65 5.87417011006e-08
1.7 6.15460913979e-08
1.75 6.44029795295e-08
1.8 6.73119366963e-08
1.85 7.02726035365e-08
1.9 7.32931707822e-08
1.95 7.6375931943e-08
2.0 7.95124081559e-08
0.0 0.0