0 0.0
0.05 1.46279711277e-11
0.1 -3.626983669e-11
0.15 -2.5429853629e-08
0.2 5.73184015678e-11
0.25 -2.25348535708e-08
0.3 -2.10986772726e-08
0.35 -1.96705934571e-08
0.4 -1.82405725737e-08
0.45 -1.68171888007e-08
0.5 -1.54010155739e-08
0.55 1.58385662066e-10
0.6 1.72452871487e-10
0.65 1.86444251716e-10
0.7 -9.80956464328e-09
0.75 2.14055399266e-10
0.8 -7.0558688028e-09
0.85 2.41425214532e-10
0.9 2.55025027669e-10
0.95 -2.97003286112e-09
1.0 2.81426159176e-10
1.05 2.9566076706e-10
1.1 3.09295661352e-10
1.15 3.22742669115e-10
1.2 3.36492036611e-10
1.25 5.20376218959e-09
1.3 3.62142544919e-10
1.35 3.78581861634e-10
1.4 3.93082200712e-10
1.45 4.07600381e-10
1.5 4.2239383854e-10
1.55 4.37325522925e-10
1.6 4.52486666122e-10
1.65 4.67869289868e-10
1.7 4.83466082844e-10
1.75 4.99286829927e-10
1.8 5.15333697037e-10
1.85 5.3169013524e-10
1.9 5.4825212463e-10
1.95 5.65130187578e-10
2.0 5.82298185343e-10
0.0 0.0