0 0.0
0.05 2.53392729195e-10
0.1 5.62560543993e-10
0.15 9.49186159266e-10
0.2 1.44077194908e-09
0.25 2.0193228548e-09
0.3 2.8172457405e-09
0.35 8.67610646706e-09
0.4 0.0492950837234
0.45 0.144909007862
0.5 0.172839131096
0.55 0.17283915092
0.6 0.22846089383
0.65 0.234108907934
0.7 0.23653779605
0.75 0.247773114234
0.8 0.25199014956
0.85 0.271118031159
0.9 0.279561967463
0.95 0.286691675272
1.0 0.290659720207
1.05 0.29940019009
1.1 0.311328770643
1.15 0.395480114341
1.2 0.417319753512
1.25 0.462094780335
1.3 0.49544392585
1.35 0.516042893744
1.4 0.523830179653
1.45 0.613312666879
1.5 0.672748677194
1.55 0.672748898422
1.6 0.711564604296
1.65 0.759355953998
1.7 0.75935637417
1.75 0.857013078231
1.8 0.861335425715
1.85 0.863448921835
1.9 0.876330281413
1.95 0.937421697822
2.0 0.937421701839
0.0 0.0