0 0.0
0.05 9.57192928732e-11
0.1 1.86751762005e-10
0.15 2.74581851861e-10
0.2 3.60702603425e-10
0.25 4.4644221531e-10
0.3 5.3307779488e-10
0.35 6.21937589274e-10
0.4 7.14471525389e-10
0.45 8.12335425323e-10
0.5 9.17499751891e-10
0.55 1.03272145715e-09
0.6 1.16103591946e-09
0.65 1.30644072812e-09
0.7 1.47457719398e-09
0.75 1.67344759186e-09
0.8 1.91485774109e-09
0.85 2.21703958395e-09
0.9 2.60974580477e-09
0.95 3.14499770341e-09
1.0 3.9222656077e-09
1.05 5.14954852979e-09
1.1 7.36382124951e-09
1.15 1.23022040303e-08
1.2 2.43479339084e-08
1.25 0.0085188165421
1.3 0.0207619770242
1.35 0.067578855266
1.4 0.2636477557
1.45 0.304384211275
1.5 0.325664705854
1.55 0.355066773517
1.6 0.355066873465
1.65 0.356716532683
1.7 0.35741095422
1.75 0.35741096597
1.8 0.35741096044
1.85 0.357411006791
1.9 0.358699192758
1.95 0.367985691422
2.0 0.385077478739
0.0 0.0