0 0.0
0.05 0.0123551448271
0.1 0.0526545552376
0.15 0.0889180695164
0.2 0.0967765392915
0.25 0.0967765710201
0.3 0.0967765863984
0.35 0.189344397511
0.4 0.466124645835
0.45 0.585010525361
0.5 0.58687333246
0.55 0.586873351817
0.6 0.586873347208
0.65 0.586873348777
0.7 0.58687334955
0.75 0.586873350188
0.8 0.586873350657
0.85 0.586873350982
0.9 0.586873351236
0.95 0.586873351517
1.0 0.586873351572
1.05 0.586873351549
1.1 0.586873351551
1.15 0.586873351371
1.2 0.586873351534
1.25 0.586873351783
1.3 0.586873352028
1.35 0.58687335211
1.4 0.586873352251
1.45 0.586873352277
1.5 0.586873352677
1.55 0.586873353097
1.6 0.586873352452
1.65 0.586873353681
1.7 0.586873353605
1.75 0.586873353841
1.8 0.586873354141
1.85 0.586873354489
1.9 0.586873354766
1.95 0.58687335469
2.0 0.586873354461
0.0 0.0