0 0.0
0.05 -2.56071198627e-08
0.1 -2.33484868634e-08
0.15 -2.11973468564e-08
0.2 8.72222236983e-11
0.25 -1.71977654648e-08
0.3 -1.53433742603e-08
0.35 -1.35801359447e-08
0.4 -1.18992223403e-08
0.45 -1.02959360855e-08
0.5 -8.76574971172e-09
0.55 -7.30835201986e-09
0.6 -5.91622068164e-09
0.65 -4.58349094799e-09
0.7 -3.30635953263e-09
0.75 -2.08124215575e-09
0.8 -9.04750281869e-10
0.85 2.26300612205e-10
0.9 1.31487946354e-09
0.95 2.36375226645e-09
1.0 3.37549074931e-09
1.05 4.35243323482e-09
1.1 5.29673407038e-09
1.15 6.2103415717e-09
1.2 7.09498496966e-09
1.25 7.95219544062e-09
1.3 8.78329668673e-09
1.35 9.58942177422e-09
1.4 1.03714973848e-08
1.45 1.11302334054e-08
1.5 1.18661626833e-08
1.55 1.25796177242e-08
1.6 1.32707320905e-08
1.65 1.39394592402e-08
1.7 1.45855719701e-08
1.75 1.52086732799e-08
1.8 1.58082082393e-08
1.85 1.63834532401e-08
1.9 1.69335539172e-08
1.95 1.74575374215e-08
2.0 1.795431276e-08
0.0 0.0