0 0.0
0.05 3.44629880189e-11
0.1 8.67015390316e-08
0.15 1.05231073855e-10
0.2 9.38518977533e-08
0.25 1.78099340831e-10
0.3 2.1447399412e-10
0.35 2.55250431902e-10
0.4 1.08694296952e-07
0.45 1.12514813827e-07
0.5 3.66624341996e-10
0.55 4.06238015449e-10
0.6 4.44785319687e-10
0.65 4.84442069792e-10
0.7 5.24290805215e-10
0.75 5.6486654243e-10
0.8 6.04899241807e-10
0.85 6.45707515234e-10
0.9 6.97984725573e-10
0.95 7.51973538993e-10
1.0 8.07151234739e-10
1.05 8.64070398565e-10
1.1 9.22724868735e-10
1.15 9.82597697652e-10
1.2 1.04395234124e-09
1.25 1.10672737641e-09
1.3 1.17099172026e-09
1.35 1.23669086083e-09
1.4 1.30394051112e-09
1.45 1.37347463958e-09
1.5 1.44475845176e-09
1.55 1.51741430532e-09
1.6 1.59167476421e-09
1.65 1.66755820263e-09
1.7 1.74494413363e-09
1.75 1.82389964243e-09
1.8 1.90442331349e-09
1.85 1.98649866001e-09
1.9 2.07013164943e-09
1.95 2.15529033509e-09
2.0 2.24191062936e-09
-0.22862555781 -0.22862555781