0 0.0
0.05 1.04548526583e-10
0.1 2.00084377052e-10
0.15 2.89207614037e-10
0.2 3.7388247255e-10
0.25 4.55760514737e-10
0.3 5.36216862316e-10
0.35 6.16483529434e-10
0.4 6.97734195741e-10
0.45 7.81265408181e-10
0.5 8.68068539067e-10
0.55 9.59712311085e-10
0.6 1.05799796063e-09
0.65 1.16515532962e-09
0.7 1.28426098979e-09
0.75 1.42016866928e-09
0.8 1.5783686964e-09
0.85 1.76793756615e-09
0.9 2.01076531235e-09
0.95 2.38918308114e-09
1.0 2.89606185405e-09
1.05 3.62598651385e-09
1.1 4.76214526674e-09
1.15 6.74186578951e-09
1.2 1.00305255409e-08
1.25 0.00448477858426
1.3 0.0262464632331
1.35 0.136780855183
1.4 0.136782877024
1.45 0.157421477222
1.5 0.193553308752
1.55 0.214912773612
1.6 0.214912731132
1.65 0.214912842487
1.7 0.244814202844
1.75 0.257743690946
1.8 0.279967221296
1.85 0.42864657551
1.9 0.43160707929
1.95 0.450260755951
2.0 0.452483871319
0.0 0.0