0 0.0
0.05 1.59782101616e-09
0.1 4.6813328853e-09
0.15 5.09934335169e-09
0.2 0.0357864902646
0.25 0.0713259682122
0.3 0.0713261914611
0.35 0.0713267653603
0.4 0.073240645649
0.45 0.100989939436
0.5 0.129539365289
0.55 0.136352752935
0.6 0.136354122793
0.65 0.136354180404
0.7 0.141128412093
0.75 0.23581453804
0.8 0.235815554516
0.85 0.30889731835
0.9 0.380095769632
0.95 0.394557192066
1.0 0.459251956689
1.05 0.506504180989
1.1 0.523933037984
1.15 0.581638170827
1.2 0.642312616962
1.25 0.647633863153
1.3 0.67955415291
1.35 0.736776554999
1.4 0.792116761964
1.45 0.84773343972
1.5 0.852668243262
1.55 0.860539786063
1.6 0.878980926146
1.65 0.87898097875
1.7 0.885066686416
1.75 0.967919838
1.8 1.0079741456
1.85 1.00797415373
1.9 1.00868003927
1.95 1.01549166452
2.0 1.03340407309
0.0 0.0