0 0.0
0.05 1.3783556637e-10
0.1 2.99591899954e-10
0.15 4.93625048485e-10
0.2 7.32188805672e-10
0.25 1.03399214371e-09
0.3 1.42903913143e-09
0.35 1.9686127218e-09
0.4 2.7464641079e-09
0.45 3.95674476319e-09
0.5 6.0911698341e-09
0.55 1.05941214539e-08
0.6 2.31520562785e-08
0.65 8.44133655299e-08
0.7 0.00541901620102
0.75 0.00541903176216
0.8 0.0230688725872
0.85 0.0548481835127
0.9 0.0560312480844
0.95 0.129657412409
1.0 0.169706214856
1.05 0.193903836923
1.1 0.247690177655
1.15 0.314185000848
1.2 0.33470537936
1.25 0.388481827654
1.3 0.388481843445
1.35 0.393194308629
1.4 0.408827199632
1.45 0.411800033434
1.5 0.41180010646
1.55 0.55538437426
1.6 0.555384410679
1.65 0.840427477433
1.7 0.840427486982
1.75 0.884085966092
1.8 0.885513792847
1.85 1.1832905666
1.9 1.29626054569
1.95 1.29626060237
2.0 1.2962688103
0.0 0.0