0 0.0
0.05 -2.47962172622e-08
0.1 7.14854744439e-11
0.15 6.14815018866e-11
0.2 8.11892778333e-11
0.25 -1.68569386867e-08
0.3 -1.49717649147e-08
0.35 -1.31224874655e-08
0.4 -1.13070641137e-08
0.45 -9.52328130912e-09
0.5 -7.76878473472e-09
0.55 -6.04114764075e-09
0.6 -4.33780661237e-09
0.65 -2.65618271549e-09
0.7 -9.93637309277e-10
0.75 6.5246355922e-10
0.8 2.2847622216e-09
0.85 3.90583851029e-09
0.9 5.51824727415e-09
0.95 7.12443840147e-09
1.0 8.7267649319e-09
1.05 1.03274597401e-08
1.1 1.19285864692e-08
1.15 1.35320496576e-08
1.2 1.51395584596e-08
1.25 1.67525661646e-08
1.3 1.83723056924e-08
1.35 1.99997278274e-08
1.4 2.16354541585e-08
1.45 2.32798286005e-08
1.5 2.49328338945e-08
1.55 2.65940720923e-08
1.6 2.82628126789e-08
1.65 2.99379293843e-08
1.7 3.1617899623e-08
1.75 3.33008651868e-08
1.8 3.4984560101e-08
1.85 3.66664127191e-08
1.9 3.83435300872e-08
1.95 4.00127074629e-08
2.0 4.16705360825e-08
0.0 0.0