0 0.0
0.05 1.7127701577e-10
0.1 3.77408542158e-10
0.15 6.36856495344e-10
0.2 9.72978145665e-10
0.25 1.42455071927e-09
0.3 2.06608881831e-09
0.35 3.05083323393e-09
0.4 4.74876347998e-09
0.45 8.3016299558e-09
0.5 1.94277017602e-08
0.55 1.80898937804e-07
0.6 0.00892914025228
0.65 0.00892934741826
0.7 0.18189535677
0.75 0.209003138928
0.8 0.209003462665
0.85 0.209003595604
0.9 0.209003821931
0.95 0.272447723483
1.0 0.2724477295
1.05 0.27244774041
1.1 0.272447833638
1.15 0.294317946525
1.2 0.343132839781
1.25 0.364771434672
1.3 0.394534563459
1.35 0.479670821158
1.4 0.4830084343
1.45 0.526334981431
1.5 0.704630917434
1.55 0.704630945459
1.6 0.704630979718
1.65 0.743765224613
1.7 0.937607023271
1.75 0.958507437437
1.8 1.00757584252
1.85 1.06136634761
1.9 1.09860668638
1.95 1.09860682676
2.0 1.10594985364
0.0 0.0