0 0.0
0.05 8.24917911757e-12
0.1 2.04741779086e-11
0.15 4.8404391606e-11
0.2 -7.97761910976e-08
0.25 7.19129755744e-11
0.3 9.98697236021e-11
0.35 1.18795639992e-10
0.4 1.37586664284e-10
0.45 1.56821111652e-10
0.5 1.76220260606e-10
0.55 1.96247518236e-10
0.6 2.16459461466e-10
0.65 2.36978159318e-10
0.7 2.56833443402e-10
0.75 2.78573442092e-10
0.8 2.98083058237e-10
0.85 3.21078663656e-10
0.9 3.42536665698e-10
0.95 3.64235586137e-10
1.0 3.85794118873e-10
1.05 4.07524680668e-10
1.1 4.29328073093e-10
1.15 4.51199966278e-10
1.2 4.7314979712e-10
1.25 4.94007612595e-10
1.3 5.13680598058e-10
1.35 5.33710131645e-10
1.4 5.54035650691e-10
1.45 5.74635505846e-10
1.5 5.95507254619e-10
1.55 6.16626583128e-10
1.6 6.38015029697e-10
1.65 6.59642118706e-10
1.7 6.81438017125e-10
1.75 7.03458236107e-10
1.8 7.25639215382e-10
1.85 7.47952477731e-10
1.9 7.70369268377e-10
1.95 7.92844623287e-10
2.0 8.15380984953e-10
0.352338507586 0.352338507586