0 0.0
0.05 3.38806636732e-11
0.1 -4.28657240864e-08
0.15 -3.98228134543e-08
0.2 -3.69331406058e-08
0.25 -3.4187246603e-08
0.3 -3.15762064172e-08
0.35 -2.90915741441e-08
0.4 -2.67253616246e-08
0.45 -2.44699855818e-08
0.5 -2.23182323886e-08
0.55 -2.02632413776e-08
0.6 -1.82984299735e-08
0.65 -1.64175290526e-08
0.7 -1.46145125495e-08
0.75 -1.29244086353e-08
0.8 -1.13113576503e-08
0.85 -9.74025681601e-09
0.9 -8.20792554187e-09
0.95 -6.71115979849e-09
1.0 -5.24669610595e-09
1.05 -3.81129187467e-09
1.1 -2.40166645386e-09
1.15 -1.01455595755e-09
1.2 3.53299359772e-10
1.25 1.70510693618e-09
1.3 3.04887585516e-09
1.35 4.39108269579e-09
1.4 5.73314394453e-09
1.45 7.07849628048e-09
1.5 8.42848829554e-09
1.55 9.78615031863e-09
1.6 1.11544387548e-08
1.65 1.25362388405e-08
1.7 1.39343307425e-08
1.75 1.53514012658e-08
1.8 1.67900287683e-08
1.85 1.8252639855e-08
1.9 1.97415066734e-08
1.95 2.12587279853e-08
2.0 2.28061742634e-08
0.0 0.0