0 0.0
0.05 -3.72585842285e-08
0.1 -3.57741898373e-08
0.15 4.03081477539e-11
0.2 5.91610029397e-11
0.25 7.51515983231e-11
0.3 8.98251239298e-11
0.35 1.06248985455e-10
0.4 1.21925926503e-10
0.45 1.3773958831e-10
0.5 1.53646523958e-10
0.55 1.69742823248e-10
0.6 1.85851337954e-10
0.65 2.02030171345e-10
0.7 2.18416512796e-10
0.75 2.34813930211e-10
0.8 2.51310047834e-10
0.85 2.67914677354e-10
0.9 2.84635154665e-10
0.95 3.01465810392e-10
1.0 3.18407289688e-10
1.05 3.35393023983e-10
1.1 3.52486448418e-10
1.15 3.6993521613e-10
1.2 3.8774461716e-10
1.25 4.05978449924e-10
1.3 4.24623202138e-10
1.35 4.43722799456e-10
1.4 4.63285864669e-10
1.45 4.83355891103e-10
1.5 5.03935256028e-10
1.55 5.2510629524e-10
1.6 5.46847714712e-10
1.65 5.69206102988e-10
1.7 5.92218955413e-10
1.75 6.15918220965e-10
1.8 6.40332069917e-10
1.85 6.6548783726e-10
1.9 6.91437651324e-10
1.95 7.18221742286e-10
2.0 7.45840493275e-10
0.0 0.0