0 0.0
0.05 -7.70316557208e-08
0.1 -7.15784194139e-08
0.15 -6.64781274473e-08
0.2 -6.16901343342e-08
0.25 -5.74828045163e-08
0.3 -5.42826008587e-08
0.35 -5.10824051947e-08
0.4 -4.78874162546e-08
0.45 -4.47012735716e-08
0.5 -4.15263532449e-08
0.55 -3.83640181845e-08
0.6 -3.52148639138e-08
0.65 -3.20788233754e-08
0.7 -2.89553809818e-08
0.75 -2.584358616e-08
0.8 -2.27422765064e-08
0.85 -1.96500311578e-08
0.9 -1.6565351979e-08
0.95 -1.34866868784e-08
1.0 -1.04125246203e-08
1.05 -7.34140326308e-09
1.1 -4.27206647835e-09
1.15 -1.20344778587e-09
1.2 1.86522863821e-09
1.25 4.9343571451e-09
1.3 8.00388133548e-09
1.35 1.1073217232e-08
1.4 1.4141136484e-08
1.45 1.72073462146e-08
1.5 2.02670900062e-08
1.55 2.33170249775e-08
1.6 2.63520250066e-08
1.65 2.93656832184e-08
1.7 3.23500735089e-08
1.75 3.52955098482e-08
1.8 3.81903457747e-08
1.85 4.10206426604e-08
1.9 4.37699352318e-08
1.95 4.64187808191e-08
2.0 4.89444127449e-08
1.23607606973 1.23607606973