0 0.0
0.05 2.16673573528e-09
0.1 7.53487827687e-11
0.15 4.38854942941e-08
0.2 1.53009438453e-10
0.25 1.93014548788e-10
0.3 2.33679742223e-10
0.35 2.75212186374e-10
0.4 3.17285642204e-10
0.45 3.59799634531e-10
0.5 4.03271083194e-10
0.55 4.48373616013e-10
0.6 4.92359708559e-10
0.65 5.38322109112e-10
0.7 5.84970127893e-10
0.75 6.32344288043e-10
0.8 6.80543899012e-10
0.85 7.29349802775e-10
0.9 7.79099729176e-10
0.95 8.29354251941e-10
1.0 8.80448602913e-10
1.05 9.32267651965e-10
1.1 9.84792747349e-10
1.15 1.03805286589e-09
1.2 1.09208408983e-09
1.25 1.14670584139e-09
1.3 1.20214033172e-09
1.35 1.25821736363e-09
1.4 1.315093201e-09
1.45 1.37242417431e-09
1.5 1.43000983277e-09
1.55 1.48822748569e-09
1.6 1.54661627949e-09
1.65 1.60506252733e-09
1.7 1.66327235318e-09
1.75 1.72139263954e-09
1.8 1.77917897082e-09
1.85 1.83668569242e-09
1.9 1.89365445546e-09
1.95 1.94999566494e-09
2.0 2.00562205732e-09
-0.399165475516 -0.399165475516