0 0.0
0.05 2.8458837146e-08
0.1 3.04103474892e-08
0.15 5.85605033892e-11
0.2 3.44540687045e-08
0.25 9.99374253615e-11
0.3 1.2155169007e-10
0.35 4.08915589878e-08
0.4 4.31444321958e-08
0.45 4.54519233873e-08
0.5 2.12556515891e-10
0.55 5.0234942344e-08
0.6 5.27124251654e-08
0.65 2.87044105722e-10
0.7 3.13072648919e-10
0.75 3.39495922487e-10
0.8 3.66979592372e-10
0.85 3.94860223781e-10
0.9 6.8854015453e-08
0.95 4.52613154571e-10
1.0 4.83508735345e-10
1.05 5.17129544901e-10
1.1 5.47180636863e-10
1.15 5.80184411662e-10
1.2 6.14101395967e-10
1.25 6.44506912369e-10
1.3 6.59416377444e-10
1.35 6.73236274275e-10
1.4 7.02677908847e-10
1.45 7.56497237441e-10
1.5 7.10932878847e-10
1.55 7.21489980093e-10
1.6 9.97072249794e-08
1.65 7.40959219133e-10
1.7 1.01504048394e-07
1.75 1.02292211213e-07
1.8 1.03009430214e-07
1.85 1.03658039804e-07
1.9 1.04240574516e-07
1.95 1.04759822732e-07
2.0 1.05218751721e-07
0.0 0.0