0 0.0
0.05 3.89657026416e-10
0.1 6.88964251853e-10
0.15 9.27114229984e-10
0.2 1.12245044577e-09
0.25 1.28700034855e-09
0.3 1.42895619657e-09
0.35 1.5540968038e-09
0.4 1.6663864065e-09
0.45 1.76921405421e-09
0.5 1.86529126519e-09
0.55 1.95652750395e-09
0.6 2.0446309824e-09
0.65 2.13116957105e-09
0.7 2.21750400958e-09
0.75 2.30517050735e-09
0.8 2.39563636853e-09
0.85 2.49016946876e-09
0.9 2.5900854889e-09
0.95 2.69803518861e-09
1.0 2.81730350168e-09
1.05 2.95611802068e-09
1.1 3.08172024561e-09
1.15 3.2137248803e-09
1.2 3.30776363102e-09
1.25 3.225521983e-09
1.3 5.06828756831e-09
1.35 4.08168321163e-09
1.4 4.3896668454e-09
1.45 1.07263693498e-08
1.5 1.25574867971e-08
1.55 1.31965739519e-08
1.6 1.49340258805e-08
1.65 3.04063479277e-08
1.7 0.0415753947395
1.75 0.131020071663
1.8 0.209582178045
1.85 0.249250710706
1.9 0.272212820797
1.95 0.27221299782
2.0 0.281794372394
0.0 0.0