0 0.0
0.05 8.98521131858e-11
0.1 1.76044300219e-10
0.15 2.59810499315e-10
0.2 3.43029549702e-10
0.25 4.27086168663e-10
0.3 5.13326164385e-10
0.35 6.03313349175e-10
0.4 6.98769206849e-10
0.45 8.01786572603e-10
0.5 9.15002006166e-10
0.55 1.04183922262e-09
0.6 1.18642077101e-09
0.65 1.35478227087e-09
0.7 1.55631586848e-09
0.75 1.80439513298e-09
0.8 2.1196172545e-09
0.85 2.5346570586e-09
0.9 3.10156021324e-09
0.95 3.89534978433e-09
1.0 5.58243814541e-09
1.05 8.47763465125e-09
1.1 1.62593229992e-08
1.15 1.5362375721e-07
1.2 0.00246950249112
1.25 0.00905337587509
1.3 0.0309534403427
1.35 0.1697030832
1.4 0.16970367281
1.45 0.225616010726
1.5 0.231980952955
1.55 0.243733531307
1.6 0.251530859141
1.65 0.251531099066
1.7 0.251531104198
1.75 0.251531728256
1.8 0.286368688059
1.85 0.356976289733
1.9 0.383389076375
1.95 0.446722002599
2.0 0.446722278737
0.0 0.0