0 0.0
0.05 2.95042538592e-08
0.1 3.12658602162e-08
0.15 3.30112302953e-08
0.2 3.47374215674e-08
0.25 3.64413084728e-08
0.3 3.81195270843e-08
0.35 3.97686146103e-08
0.4 4.13850012443e-08
0.45 4.29650757338e-08
0.5 4.45017152298e-08
0.55 4.59934305034e-08
0.6 4.7437639438e-08
0.65 4.88315538806e-08
0.7 5.01727684781e-08
0.75 5.14592153709e-08
0.8 5.26892271555e-08
0.85 5.39714556324e-08
0.9 5.57419641229e-08
0.95 5.75082006566e-08
1.0 5.92687927173e-08
1.05 6.10224790175e-08
1.1 6.2768025484e-08
1.15 6.45042371556e-08
1.2 6.62299586328e-08
1.25 6.79441120118e-08
1.3 6.96456141224e-08
1.35 7.13334318456e-08
1.4 7.30065527664e-08
1.45 7.46639875478e-08
1.5 7.63047409297e-08
1.55 7.79345543637e-08
1.6 7.95551808579e-08
1.65 8.11565580517e-08
1.7 8.27376349417e-08
1.75 8.42973440198e-08
1.8 8.58345934269e-08
1.85 8.73482810161e-08
1.9 8.88373026637e-08
1.95 9.03005650481e-08
2.0 9.17370180469e-08
0.0 0.0