0 0.0
0.05 1.36745019589e-10
0.1 2.94086679708e-10
0.15 4.78409049199e-10
0.2 6.99797505389e-10
0.25 9.73566451114e-10
0.3 1.32920841535e-09
0.35 1.81431965751e-09
0.4 2.51036037038e-09
0.45 3.6033640995e-09
0.5 5.57960028239e-09
0.55 1.00024577894e-08
0.6 3.61657396604e-08
0.65 0.0480892451248
0.7 0.184930888347
0.75 0.233756854143
0.8 0.30490675497
0.85 0.375432864454
0.9 0.408286694058
0.95 0.413731207012
1.0 0.413731224989
1.05 0.60403558153
1.1 0.707614354989
1.15 0.846290882722
1.2 0.990734767792
1.25 1.00224546622
1.3 1.06188794779
1.35 1.07081301021
1.4 1.07258336957
1.45 1.23322584376
1.5 1.25545814307
1.55 1.2565377221
1.6 1.2691717344
1.65 1.26917174479
1.7 1.29142358201
1.75 1.30052784036
1.8 1.38849660289
1.85 1.416953123
1.9 1.49343774118
1.95 1.53245447243
2.0 1.68055218873
0.0 0.0