0 0.0
0.05 -1.4097780557e-07
0.1 -1.36028580293e-07
0.15 -1.31159201975e-07
0.2 -1.26448269506e-07
0.25 -1.21866132169e-07
0.3 -1.1740274272e-07
0.35 -1.13061644884e-07
0.4 -1.08845372814e-07
0.45 -1.04755474148e-07
0.5 -1.00792667122e-07
0.55 -9.69568118098e-08
0.6 -9.32470352574e-08
0.65 -8.96617609373e-08
0.7 -8.61988010052e-08
0.75 -8.28554002477e-08
0.8 -7.96283111833e-08
0.85 -7.65138301714e-08
0.9 -7.35078352597e-08
0.95 -7.06058394733e-08
1.0 -6.7803065891e-08
1.05 -6.50944306814e-08
1.1 -6.2474565477e-08
1.15 -5.99379292997e-08
1.2 -5.75185707961e-08
1.25 -5.49003836833e-08
1.3 -5.21781218111e-08
1.35 -4.956965828e-08
1.4 -4.71048211717e-08
1.45 -4.47527910322e-08
1.5 -4.24547712544e-08
1.55 -4.01999702888e-08
1.6 -3.79781978835e-08
1.65 -3.57797700287e-08
1.7 -3.359532886e-08
1.75 -3.14157287275e-08
1.8 -2.92317940916e-08
1.85 -2.70341710976e-08
1.9 -2.48130766181e-08
1.95 -2.25581116873e-08
2.0 -2.03582111842e-08
0.0 0.0