0 0.0
0.05 0.00433732834149
0.1 0.0282150560206
0.15 0.173700015776
0.2 0.232384438008
0.25 0.321345500326
0.3 0.32134627155
0.35 0.491202504009
0.4 0.491202608621
0.45 0.510269400573
0.5 0.64736886907
0.55 0.677031727468
0.6 0.924540100705
0.65 0.95406687974
0.7 1.21796201155
0.75 1.21826894094
0.8 1.23981618921
0.85 1.24090468314
0.9 1.24854408581
0.95 1.38432981813
1.0 1.53229499691
1.05 1.53727810042
1.1 1.59474801905
1.15 1.6687868023
1.2 1.75111601925
1.25 1.77068704557
1.3 1.86382955421
1.35 1.94681071345
1.4 1.94979258163
1.45 1.94979257692
1.5 1.94979261616
1.55 1.94979259298
1.6 1.95130233185
1.65 2.04227997381
1.7 2.06289067349
1.75 2.10904954778
1.8 2.12500610756
1.85 2.1301287792
1.9 2.17580633403
1.95 2.26752127758
2.0 2.27511214832
0.591567912838 0.591567912838