0 0.0
0.05 1.79163687473e-11
0.1 -1.5194804327e-08
0.15 -1.34887593593e-08
0.2 -1.18191210631e-08
0.25 -3.76934669582e-11
0.3 1.00430481668e-10
0.35 1.16139103853e-10
0.4 -5.46040064803e-09
0.45 -3.94233601728e-09
0.5 -2.44946139794e-09
0.55 -9.80036450553e-10
0.6 4.67672208566e-10
0.65 1.89537475235e-09
0.7 3.30474799219e-09
0.75 4.6974136804e-09
0.8 6.07495710954e-09
0.85 7.43888540024e-09
0.9 8.79061118586e-09
0.95 1.01315033951e-08
1.0 1.14628033159e-08
1.05 1.27856704962e-08
1.1 1.41011556453e-08
1.15 1.54101923752e-08
1.2 1.67136011188e-08
1.25 1.80120856971e-08
1.3 1.93062209393e-08
1.35 2.05964749648e-08
1.4 2.18831676765e-08
1.45 2.31665302278e-08
1.5 2.44466357589e-08
1.55 2.57234919599e-08
1.6 2.69969556196e-08
1.65 2.82668277992e-08
1.7 2.95327921272e-08
1.75 3.07944600258e-08
1.8 3.20513840131e-08
1.85 3.33030553041e-08
1.9 3.45489488278e-08
1.95 3.57884866921e-08
2.0 3.70210864534e-08
0.0 0.0