0 0.0
0.05 9.90910562112e-11
0.1 2.07832142461e-10
0.15 3.30301284014e-10
0.2 4.71259081176e-10
0.25 6.34693801132e-10
0.3 8.27057760434e-10
0.35 1.06012665355e-09
0.4 1.34989930512e-09
0.45 1.72098311528e-09
0.5 2.21369942467e-09
0.55 2.89879692203e-09
0.6 3.90695147795e-09
0.65 5.52946956549e-09
0.7 8.4726054672e-09
0.75 1.61384251702e-08
0.8 5.53655708956e-08
0.85 0.00760573412171
0.9 0.00760590940475
0.95 0.0387731062091
1.0 0.0502343326998
1.05 0.0850486320099
1.1 0.143337936864
1.15 0.163234188709
1.2 0.206685308634
1.25 0.327320077913
1.3 0.413848692781
1.35 0.416418490143
1.4 0.431960368832
1.45 0.590798016368
1.5 0.715266922773
1.55 0.724895946847
1.6 0.749919701321
1.65 0.749919880638
1.7 0.79800793131
1.75 0.803610565497
1.8 1.00917105777
1.85 1.07096261815
1.9 1.08485576545
1.95 1.10210121732
2.0 1.17554476462
0.0 0.0