0 0.0
0.05 3.93987794614e-10
0.1 9.09888157391e-10
0.15 1.60116517128e-09
0.2 2.4971378036e-09
0.25 3.1831524422e-09
0.3 5.17331402418e-09
0.35 0.0275914816703
0.4 0.121897857153
0.45 0.17037332405
0.5 0.217897306546
0.55 0.217897963056
0.6 0.253763632696
0.65 0.25376367846
0.7 0.306253201691
0.75 0.306253226127
0.8 0.310032344555
0.85 0.341006922174
0.9 0.353593289526
0.95 0.413338939395
1.0 0.433505576329
1.05 0.433505598868
1.1 0.433506026048
1.15 0.45650753619
1.2 0.474341393559
1.25 0.474341602787
1.3 0.565313887281
1.35 0.614905358585
1.4 0.623897628223
1.45 0.646976938746
1.5 0.651529491479
1.55 0.651529713234
1.6 0.761867530118
1.65 0.761867700207
1.7 0.76186771095
1.75 0.761867801884
1.8 0.790302503238
1.85 0.796410912384
1.9 0.802113028138
1.95 0.802113104901
2.0 0.803211942473
0.0 0.0