0 0.0
0.05 -8.64632940245e-08
0.1 -1.87183601952e-13
0.15 5.42427214256e-12
0.2 1.52560741817e-11
0.25 2.90745205689e-11
0.3 4.72707983867e-11
0.35 6.92402801761e-11
0.4 9.50308165493e-11
0.45 1.24242449662e-10
0.5 1.56688662045e-10
0.55 1.91924309778e-10
0.6 2.29629759652e-10
0.65 2.69299582634e-10
0.7 3.10524606029e-10
0.75 -5.09728058096e-08
0.8 -4.66417739986e-08
0.85 -4.22360714736e-08
0.9 -3.77642743743e-08
0.95 -3.32272423464e-08
1.0 -2.8621473136e-08
1.05 -2.39345500641e-08
1.1 -1.91445607145e-08
1.15 -1.45630792425e-08
1.2 -9.77696318349e-09
1.25 -4.58524157532e-09
1.3 -4.35377778274e-09
1.35 -4.90417972898e-09
1.4 -4.73513089849e-09
1.45 -4.85233592196e-09
1.5 -7.64011931498e-09
1.55 -9.68178148764e-09
1.6 -1.10830981059e-08
1.65 -1.19527843734e-08
1.7 -1.23744036684e-08
1.75 -1.24249598943e-08
1.8 -1.21722034674e-08
1.85 -1.16775002446e-08
1.9 -1.09901421852e-08
1.95 -1.01547286691e-08
2.0 -9.21007703436e-09
0.269486812132 0.269486812132