0 0.0
0.05 3.25237526542e-09
0.1 4.65991463584e-09
0.15 6.0565468508e-09
0.2 7.44334569485e-09
0.25 8.82130886509e-09
0.3 1.01913065841e-08
0.35 1.15541155663e-08
0.4 1.29104028911e-08
0.45 1.42607150653e-08
0.5 1.56054863773e-08
0.55 1.69450199551e-08
0.6 1.82795175846e-08
0.65 1.96121412779e-08
0.7 2.11720759211e-08
0.75 2.27615188349e-08
0.8 2.43815169992e-08
0.85 2.60330353947e-08
0.9 2.77169741318e-08
0.95 2.76221641381e-10
1.0 3.11853787535e-08
1.05 3.29712950247e-08
1.1 3.479457257e-08
1.15 3.66659040998e-08
1.2 3.67354249474e-10
1.25 4.05244317342e-08
1.3 4.0793090426e-10
1.35 4.45459158178e-08
1.4 4.66179330853e-08
1.45 4.69114184377e-10
1.5 5.08855093635e-08
1.55 7.78138719043e-10
1.6 5.53197592266e-08
1.65 5.75999431588e-08
1.7 5.81157006066e-10
1.75 6.22871305836e-08
1.8 6.46943061006e-08
1.85 6.66739028053e-10
1.9 7.7112596071e-10
1.95 7.21699919163e-08
2.0 7.47462793059e-08
0.0 0.0