0 0.0
0.05 1.69974568867e-11
0.1 8.54246923443e-09
0.15 1.01303022033e-08
0.2 1.16654711907e-08
0.25 1.31478356324e-08
0.3 1.45798060854e-08
0.35 1.59642038965e-08
0.4 1.72948222705e-08
0.45 1.85701143859e-08
0.5 1.9788154428e-08
0.55 2.09465929857e-08
0.6 2.20427095518e-08
0.65 2.30733896677e-08
0.7 2.40351252007e-08
0.75 2.492401682e-08
0.8 2.57358266141e-08
0.85 2.64659298753e-08
0.9 2.71093983089e-08
0.95 2.76609965938e-08
1.0 2.81890499022e-08
1.05 2.86238060604e-08
1.1 2.89561951673e-08
1.15 2.91805749853e-08
1.2 2.92913914945e-08
1.25 2.92832079959e-08
1.3 2.91508487889e-08
1.35 2.8889449119e-08
1.4 2.84946447142e-08
1.45 2.95014384925e-08
1.5 3.05188155333e-08
1.55 3.15203498392e-08
1.6 3.25050247037e-08
1.65 3.34719517948e-08
1.7 3.44202975658e-08
1.75 3.53493235637e-08
1.8 3.62583638322e-08
1.85 3.71468750125e-08
1.9 3.80144153992e-08
1.95 3.88605985634e-08
2.0 3.96852341453e-08
0.0 0.0