0 0.0
0.05 8.43216396128e-11
0.1 1.70881724221e-10
0.15 2.6107389172e-10
0.2 3.56512823831e-10
0.25 4.59097102958e-10
0.3 5.71092383044e-10
0.35 6.95406781834e-10
0.4 8.35846725536e-10
0.45 9.9755413851e-10
0.5 1.18770704203e-09
0.55 1.41669405787e-09
0.6 1.70018206593e-09
0.65 2.06299175625e-09
0.7 2.54693297627e-09
0.75 3.22830620146e-09
0.8 4.26258055392e-09
0.85 6.0186245442e-09
0.9 9.61625306858e-09
0.95 2.07534393453e-08
1.0 1.41870809608e-08
1.05 0.0115706254606
1.1 0.0851756157499
1.15 0.114583761119
1.2 0.274449589352
1.25 0.292499850802
1.3 0.320349736507
1.35 0.344014382875
1.4 0.356868008034
1.45 0.362849713911
1.5 0.546222344765
1.55 0.546222544292
1.6 0.596605438502
1.65 0.5999814487
1.7 0.628386552795
1.75 0.63438896659
1.8 0.634389117827
1.85 0.699253195093
1.9 0.699253230377
1.95 0.770825617195
2.0 0.877502886637
0.0 0.0