0 0.0
0.05 1.18407214251e-10
0.1 2.46515152994e-10
0.15 3.87671199351e-10
0.2 5.49135055347e-10
0.25 7.4095050724e-10
0.3 9.80051170765e-10
0.35 1.29382273696e-09
0.4 1.72270702393e-09
0.45 2.31092919506e-09
0.5 3.07864179169e-09
0.55 4.04334984791e-09
0.6 5.47993340661e-09
0.65 9.13278458375e-09
0.7 0.0570620384826
0.75 0.106843004535
0.8 0.166313280285
0.85 0.191781804642
0.9 0.195941547573
0.95 0.213497659422
1.0 0.213497667024
1.05 0.233918368826
1.1 0.248352595432
1.15 0.412742691848
1.2 0.529881279323
1.25 0.539841820499
1.3 0.609526796601
1.35 0.724086630305
1.4 0.766928695598
1.45 0.806113949156
1.5 0.834036093387
1.55 0.834036136501
1.6 0.848595247484
1.65 0.875290779886
1.7 0.891453551846
1.75 0.953625997114
1.8 1.1199129674
1.85 1.23703201545
1.9 1.4052854205
1.95 1.64340912513
2.0 1.64340936644
0.0 0.0