0 0.0
0.05 0.0546764670546
0.1 0.0801601655213
0.15 0.116482733504
0.2 0.306304393317
0.25 0.306304551603
0.3 0.316020594897
0.35 0.332826940997
0.4 0.388014087881
0.45 0.426609209277
0.5 0.426609953833
0.55 0.442881503687
0.6 0.468783560375
0.65 0.548848268052
0.7 0.705414757713
0.75 0.814048969645
0.8 0.827224428339
0.85 0.880329342792
0.9 0.886922166463
0.95 0.957671558095
1.0 1.02609627373
1.05 1.05772824241
1.1 1.06423236932
1.15 1.11255401589
1.2 1.11519566278
1.25 1.14843901049
1.3 1.15446150071
1.35 1.16014635536
1.4 1.16014682967
1.45 1.17348000636
1.5 1.17772744932
1.55 1.17772748172
1.6 1.19044088418
1.65 1.2184282965
1.7 1.43730629117
1.75 1.48394465456
1.8 1.59856998388
1.85 1.64459880468
1.9 1.6497046359
1.95 1.65374778263
2.0 1.6772490113
0.0 0.0