0 0.0
0.05 8.17591008405e-10
0.1 1.37955800317e-09
0.15 1.79236528948e-09
0.2 2.11013417247e-09
0.25 2.36372113788e-09
0.3 2.57282350752e-09
0.35 2.74921190083e-09
0.4 2.9009434118e-09
0.45 3.03405609186e-09
0.5 3.152919871e-09
0.55 3.26088110885e-09
0.6 3.36058713862e-09
0.65 3.4541136973e-09
0.7 3.54318526585e-09
0.75 3.62928950056e-09
0.8 3.71376404052e-09
0.85 3.79786675086e-09
0.9 3.88283713481e-09
0.95 3.97133712079e-09
1.0 4.06518185269e-09
1.05 4.16653880076e-09
1.1 4.27846868655e-09
1.15 4.43775863836e-09
1.2 4.61362411832e-09
1.25 4.8145413001e-09
1.3 5.04013916225e-09
1.35 5.29497404148e-09
1.4 5.52521545919e-09
1.45 5.75499009797e-09
1.5 5.99626188916e-09
1.55 1.23424286156e-08
1.6 1.67813315513e-08
1.65 2.23317146666e-08
1.7 3.20524991648e-08
1.75 5.55830696932e-08
1.8 6.28801158437e-08
1.85 0.0887549742636
1.9 0.115122356469
1.95 0.214310302462
2.0 0.229057209884
-0.399165475516 -0.399165475516