0 0.0
0.05 2.85238093615e-10
0.1 6.21222243874e-10
0.15 1.02032204199e-09
0.2 1.41435846681e-09
0.25 2.57302036048e-09
0.3 4.86019987879e-09
0.35 9.94675314908e-09
0.4 3.68588025473e-08
0.45 0.0605301180208
0.5 0.133664838042
0.55 0.250888443601
0.6 0.286836686425
0.65 0.321127485464
0.7 0.382092177372
0.75 0.642225381493
0.8 0.660980810149
0.85 0.774992134492
0.9 0.796383609686
0.95 0.844081912342
1.0 0.930714122295
1.05 0.986306425789
1.1 1.19560208895
1.15 1.20127040061
1.2 1.25605337929
1.25 1.31808108841
1.3 1.37653056194
1.35 1.40772204237
1.4 1.4704135369
1.45 1.52597973864
1.5 1.52597982491
1.55 1.54844794502
1.6 1.6132202849
1.65 1.81486551678
1.7 1.83229180032
1.75 1.98889396036
1.8 1.98889435521
1.85 2.3547847895
1.9 2.42824731167
1.95 2.45631500547
2.0 2.46474242873
0.0 0.0