0 0.0
0.05 0.0398085107429
0.1 0.0566606579151
0.15 0.0622214607648
0.2 0.11463132815
0.25 0.206655991253
0.3 0.206656178575
0.35 0.234621555542
0.4 0.333357310854
0.45 0.397375605218
0.5 0.399814917637
0.55 0.498620446311
0.6 0.519505035209
0.65 0.535066746846
0.7 0.535067009921
0.75 0.617073330196
0.8 0.617073369275
0.85 0.635564226758
0.9 0.63798728308
0.95 0.655635947739
1.0 0.68199437022
1.05 0.909922311395
1.1 1.02439746799
1.15 1.09808581721
1.2 1.20241542982
1.25 1.21961707636
1.3 1.2215892029
1.35 1.45822811516
1.4 1.52428131792
1.45 1.59762676669
1.5 1.59872193972
1.55 1.60018300776
1.6 1.61522643726
1.65 1.61522644996
1.7 1.62441178453
1.75 1.73594899253
1.8 1.73594906882
1.85 1.75351964838
1.9 1.77580849381
1.95 1.79726646238
2.0 1.79726821714
0.104080762954 0.104080762954