0 0.0
0.05 -6.33815276456e-08
0.1 2.85447657848e-11
0.15 4.25092412663e-11
0.2 -5.90287975154e-08
0.25 7.23662385248e-11
0.3 -5.60496260426e-08
0.35 -5.45417928808e-08
0.4 -5.3024246942e-08
0.45 -5.14989643774e-08
0.5 1.02195728209e-10
0.55 -4.84333333398e-08
0.6 1.78291751216e-10
0.65 -4.53617086713e-08
0.7 2.09742250947e-10
0.75 -4.23011853852e-08
0.8 -4.07803741106e-08
0.85 -3.92685952528e-08
0.9 2.67796141511e-10
0.95 2.8510263311e-10
1.0 2.97811892755e-10
1.05 3.13126800798e-10
1.1 -3.19094981266e-08
1.15 -3.04887021919e-08
1.2 -2.90878697162e-08
1.25 3.70834440908e-10
1.3 2.96998678983e-10
1.35 -2.50129286561e-08
1.4 -2.36986717775e-08
1.45 4.2407357209e-10
1.5 -2.11365936649e-08
1.55 -1.98977433735e-08
1.6 -1.86849763715e-08
1.65 -1.74901283573e-08
1.7 4.84875575163e-10
1.75 4.95794349332e-10
1.8 -1.40010228037e-08
1.85 5.19446463241e-10
1.9 -1.17386003432e-08
1.95 5.42459233436e-10
2.0 -9.40770677305e-09
0.0 0.0