0 0.0
0.05 -5.7493441119e-09
0.1 6.44628794788e-11
0.15 5.52211165683e-10
0.2 3.60056873205e-09
0.25 6.59117493917e-09
0.3 9.53092937905e-09
0.35 1.24259440515e-08
0.4 1.54143660058e-08
0.45 1.845636044e-08
0.5 3.05456770988e-10
0.55 3.36241035015e-10
0.6 2.77548013461e-08
0.65 3.09112440089e-08
0.7 3.40959747103e-08
0.75 4.63425742225e-10
0.8 4.05496303202e-08
0.85 5.43984635115e-10
0.9 4.71137759916e-08
0.95 5.04361563625e-08
1.0 5.37844688786e-08
1.05 5.71577545294e-08
1.1 6.05547749721e-08
1.15 7.30041360697e-10
1.2 6.74333424655e-08
1.25 7.0911319483e-08
1.3 7.44068178182e-08
1.35 8.69385008428e-10
1.4 8.14368383839e-08
1.45 8.49629562261e-08
1.5 1.08457864911e-09
1.55 9.20013278893e-08
1.6 9.54825847277e-08
1.65 1.26899268871e-09
1.7 1.02311469963e-07
1.75 1.14744747037e-09
1.8 1.17892939855e-09
1.85 1.11997309427e-07
1.9 1.2806218308e-09
1.95 1.17862274829e-07
2.0 1.29949384586e-09
1.48923404977 1.48923404977