0 0.0
0.05 3.92793147643e-09
0.1 5.42953550125e-09
0.15 4.5329598041e-11
0.2 6.06010642294e-11
0.25 7.65343513231e-11
0.3 9.24701895567e-11
0.35 1.08767238672e-10
0.4 1.25390121483e-10
0.45 1.42101637448e-10
0.5 1.59187703738e-10
0.55 1.76631201726e-10
0.6 1.9442585706e-10
0.65 2.12494321505e-10
0.7 2.30957118066e-10
0.75 2.49775250612e-10
0.8 2.68931142545e-10
0.85 2.88511577597e-10
0.9 3.0885927133e-10
0.95 3.28828869907e-10
1.0 3.49583961911e-10
1.05 3.7079046664e-10
1.1 3.92244689125e-10
1.15 4.14177959615e-10
1.2 4.36546276445e-10
1.25 4.59252175293e-10
1.3 4.8231340587e-10
1.35 5.05757011572e-10
1.4 5.31987775329e-10
1.45 5.59938098959e-10
1.5 5.88687780267e-10
1.55 6.18123877926e-10
1.6 6.48443961443e-10
1.65 6.79481542962e-10
1.7 7.1147641513e-10
1.75 7.44184770705e-10
1.8 7.78066359896e-10
1.85 8.1283122355e-10
1.9 8.48482332746e-10
1.95 8.85008267876e-10
2.0 9.22541206959e-10
0.0 0.0