0 0.0
0.05 1.33057909429e-11
0.1 -3.38059283693e-09
0.15 4.84241385137e-11
0.2 6.17978129622e-11
0.25 7.75647904734e-11
0.3 2.86954590718e-09
0.35 8.04005443432e-11
0.4 1.25407328071e-10
0.45 1.41647592657e-10
0.5 1.58160978884e-10
0.55 1.10268646763e-08
0.6 1.91865742417e-10
0.65 2.0912808817e-10
0.7 2.26963983974e-10
0.75 2.44468364765e-10
0.8 1.98058486429e-08
0.85 2.81264477607e-10
0.9 2.99972935048e-10
0.95 3.19079093037e-10
1.0 3.39491680112e-10
1.05 3.5886420684e-10
1.1 3.78888405982e-10
1.15 3.9978190049e-10
1.2 4.2172142623e-10
1.25 4.45525981137e-10
1.3 4.70087529841e-10
1.35 4.95363032168e-10
1.4 5.21557954896e-10
1.45 4.83486378772e-08
1.5 5.75736184934e-10
1.55 6.04610593013e-10
1.6 6.34503167646e-10
1.65 6.65400498672e-10
1.7 6.97297639773e-10
1.75 7.30147258397e-10
1.8 7.63962056103e-10
1.85 7.98798320332e-10
1.9 8.34751018801e-10
1.95 8.7177592583e-10
2.0 9.0990519292e-10
0.0 0.0