0 0.0
0.05 3.17348750367e-10
0.1 7.54996425071e-10
0.15 1.39454661193e-09
0.2 2.40032309763e-09
0.25 4.13170870967e-09
0.3 7.49195214519e-09
0.35 1.59160147913e-08
0.4 -2.69901155588e-10
0.45 0.00406463699211
0.5 0.00406464050756
0.55 0.00406465514091
0.6 0.0188196326715
0.65 0.036039815726
0.7 0.0469967612013
0.75 0.0499668193518
0.8 0.0666012192054
0.85 0.0833591071746
0.9 0.0833592021953
0.95 0.0868415825865
1.0 0.149889115437
1.05 0.204961540458
1.1 0.227293999449
1.15 0.227294348295
1.2 0.249631108696
1.25 0.249631127012
1.3 0.24963120185
1.35 0.270834277326
1.4 0.282054200295
1.45 0.283279135815
1.5 0.284331720255
1.55 0.287864549293
1.6 0.297921869731
1.65 0.393685656438
1.7 0.414233950468
1.75 0.432386874428
1.8 0.432583475171
1.85 0.432583911602
1.9 0.434342368664
1.95 0.675916734097
2.0 0.757997849435
0.0 0.0