0 0.0
0.05 1.86471743576e-09
0.1 3.58916176664e-09
0.15 5.23166434975e-11
0.2 6.94154142692e-09
0.25 8.57698020632e-09
0.3 1.01898754059e-08
0.35 1.17843213586e-08
0.4 1.33641865245e-08
0.45 1.49307147902e-08
0.5 1.64864426897e-08
0.55 1.80337068376e-08
0.6 1.95746333345e-08
0.65 2.11111356465e-08
0.7 2.2644909729e-08
0.75 2.41774680453e-08
0.8 2.57100947073e-08
0.85 2.72438918499e-08
0.9 2.87797293442e-08
0.95 3.03183111114e-08
1.0 3.18601415031e-08
1.05 3.34055446208e-08
1.1 3.4954698479e-08
1.15 3.65076089871e-08
1.2 3.80641593278e-08
1.25 3.96241000005e-08
1.3 4.11871000623e-08
1.35 4.27527339872e-08
1.4 4.43205354601e-08
1.45 4.58899930427e-08
1.5 4.74605888146e-08
1.55 4.90702612026e-08
1.6 5.06999246448e-08
1.65 5.23359021291e-08
1.7 5.40652538184e-08
1.75 5.58906384569e-08
1.8 5.77330102796e-08
1.85 5.95927023682e-08
1.9 6.14702014955e-08
1.95 6.33661200716e-08
2.0 6.52812573671e-08
0.0 0.0