0 0.0
0.05 3.60219631901e-11
0.1 4.04293825085e-08
0.15 4.39779646588e-08
0.2 4.74902221437e-08
0.25 1.77345305108e-10
0.3 2.11582862342e-10
0.35 5.77794470047e-08
0.4 6.11173625598e-08
0.45 6.44050549004e-08
0.5 6.76401356592e-08
0.55 7.08204256905e-08
0.6 7.39438995589e-08
0.65 7.7008745214e-08
0.7 8.00133080903e-08
0.75 8.29561964677e-08
0.8 8.58828652084e-08
0.85 8.87746719469e-08
0.9 9.16334813028e-08
0.95 9.44462249519e-08
1.0 9.72074413186e-08
1.05 9.99168930371e-08
1.1 1.02574399363e-07
1.15 1.05179837617e-07
1.2 1.07733139409e-07
1.25 1.1094055502e-07
1.3 1.14445624588e-07
1.35 1.17952946521e-07
1.4 1.21500384365e-07
1.45 9.34840427291e-10
1.5 1.28765701712e-07
1.55 1.32353716042e-07
1.6 1.35884800856e-07
1.65 1.39333714566e-07
1.7 1.42670555647e-07
1.75 1.45859928691e-07
1.8 1.48860047677e-07
1.85 1.51621309064e-07
1.9 1.54088890092e-07
1.95 1.56192664913e-07
2.0 1.57842909909e-07
-0.331004654638 -0.331004654638