0 0.0
0.05 3.07919173973e-11
0.1 6.02531123228e-11
0.15 4.71141280458e-08
0.2 1.26718151868e-10
0.25 1.62068131954e-10
0.3 1.99313304121e-10
0.35 2.38516856934e-10
0.4 2.79604832869e-10
0.45 3.22698186367e-10
0.5 3.68235453906e-10
0.55 4.15634565025e-10
0.6 4.65817828493e-10
0.65 5.19250469006e-10
0.7 5.75614816583e-10
0.75 6.35113854017e-10
0.8 6.91517902787e-10
0.85 7.19553715459e-10
0.9 7.46656970015e-10
0.95 7.72662200518e-10
1.0 7.97651589877e-10
1.05 8.21481182333e-10
1.1 8.44148106754e-10
1.15 8.65556204117e-10
1.2 8.85682981181e-10
1.25 9.06462283244e-10
1.3 9.22289447835e-10
1.35 9.38764670127e-10
1.4 9.56958694705e-10
1.45 9.69642350879e-10
1.5 9.83350347719e-10
1.55 1.07137883201e-09
1.6 1.38468271031e-07
1.65 1.39514211584e-07
1.7 1.02615457924e-09
1.75 1.41887454601e-07
1.8 1.0814090893e-09
1.85 1.50121873331e-07
1.9 1.5435837125e-07
1.95 1.58675560631e-07
2.0 1.63073965088e-07
0.0 0.0