0 0.0
0.05 0.00232496606618
0.1 0.0137274808799
0.15 0.0137274988894
0.2 0.0185572901544
0.25 0.0252699443427
0.3 0.0659781382346
0.35 0.110987562746
0.4 0.110987954168
0.45 0.129508578335
0.5 0.204911904935
0.55 0.204911906668
0.6 0.248037247393
0.65 0.311914066413
0.7 0.31191408837
0.75 0.381669834806
0.8 0.404389890169
0.85 0.404392162892
0.9 0.434543378326
0.95 0.436821037743
1.0 0.441117760628
1.05 0.450544528763
1.1 0.450546204182
1.15 0.53835964659
1.2 0.554632601803
1.25 0.609652759706
1.3 0.647836990874
1.35 0.695411412938
1.4 0.838378653147
1.45 0.864278430802
1.5 0.945540574766
1.55 0.948903454744
1.6 1.04719204597
1.65 1.07085056087
1.7 1.12296788685
1.75 1.19144075333
1.8 1.25932677002
1.85 1.25997565018
1.9 1.40925701676
1.95 1.42230755359
2.0 1.46567519305
1.67837069705 1.67837069705