0 0.0
0.05 1.03025593158e-07
0.1 1.31855368011e-10
0.15 2.03729881592e-10
0.2 2.78856080824e-10
0.25 3.58572679242e-10
0.3 4.42650683827e-10
0.35 5.31347966318e-10
0.4 6.26123349257e-10
0.45 7.26014691224e-10
0.5 8.31242799938e-10
0.55 9.27551573914e-10
0.6 9.76151035041e-10
0.65 1.02469153963e-09
0.7 1.07317348646e-09
0.75 1.12173217425e-09
0.8 1.17020574309e-09
0.85 1.21882343092e-09
0.9 1.26753457913e-09
0.95 1.31646685022e-09
1.0 1.36568871498e-09
1.05 1.41530878719e-09
1.1 1.46515519201e-09
1.15 1.51575221622e-09
1.2 1.56692924893e-09
1.25 1.6189844976e-09
1.3 1.67188740568e-09
1.35 1.77145018368e-09
1.4 1.87765810721e-09
1.45 1.98424279181e-09
1.5 2.09507195009e-09
1.55 2.21011918882e-09
1.6 2.32984360969e-09
1.65 2.4543692532e-09
1.7 2.58393049895e-09
1.75 2.71878183104e-09
1.8 2.85905917558e-09
1.85 3.00508417959e-09
1.9 3.15865995075e-09
1.95 3.32419571845e-09
2.0 3.49699203226e-09
0.0 0.0