0 0.0
0.05 7.82110051911e-08
0.1 2.18894152541e-11
0.15 8.01596842912e-08
0.2 8.09754627208e-08
0.25 8.16883523479e-08
0.3 8.3954194155e-08
0.35 8.66267404151e-08
0.4 8.93348804331e-08
0.45 9.20779103359e-08
0.5 9.48952813796e-08
0.55 9.78140251294e-08
0.6 1.00773795985e-07
0.65 1.0377228032e-07
0.7 1.06806757278e-07
0.75 1.09874132401e-07
0.8 1.12970843708e-07
0.85 1.16092872543e-07
0.9 1.19235682854e-07
0.95 1.22394293096e-07
1.0 1.25563118144e-07
1.05 1.28736089395e-07
1.1 1.31906494932e-07
1.15 1.3506709656e-07
1.2 1.38210001146e-07
1.25 1.41326727386e-07
1.3 1.44408122898e-07
1.35 1.47444442908e-07
1.4 1.50425161111e-07
1.45 1.53339206641e-07
1.5 1.56174761772e-07
1.55 1.58919363195e-07
1.6 1.61559908024e-07
1.65 1.64082688216e-07
1.7 1.66473536198e-07
1.75 1.68717884531e-07
1.8 1.70801265934e-07
1.85 1.72709279491e-07
1.9 1.74428627462e-07
1.95 1.75947496478e-07
2.0 1.77257170847e-07
0.0 0.0