0 0.0
0.05 4.37774028459e-10
0.1 1.0703446336e-09
0.15 2.06210621784e-09
0.2 3.80559919467e-09
0.25 7.48175803573e-09
0.3 1.67106742118e-08
0.35 2.34971068648e-07
0.4 0.00904596345808
0.45 0.0436287546853
0.5 0.0920383836799
0.55 0.125600147001
0.6 0.135235720414
0.65 0.182183719446
0.7 0.182183751952
0.75 0.260434343738
0.8 0.264084920279
0.85 0.334547235209
0.9 0.334547285034
0.95 0.570462653168
1.0 0.620635145189
1.05 0.622911605505
1.1 0.624536677058
1.15 0.831684803693
1.2 0.83324679718
1.25 0.898925002036
1.3 0.91267426831
1.35 0.920415946372
1.4 0.973646980921
1.45 0.974095182485
1.5 0.993596431566
1.55 1.10758995034
1.6 1.16789395344
1.65 1.17505611355
1.7 1.17908017741
1.75 1.17908024887
1.8 1.23198770426
1.85 1.23955975074
1.9 1.24184582154
1.95 1.26708178552
2.0 1.27554761528
0.334685518964 0.334685518964