0 0.0
0.05 2.31764320773e-10
0.1 4.22114020579e-10
0.15 5.82135936853e-10
0.2 7.19455026668e-10
0.25 8.39451995123e-10
0.3 9.46245493833e-10
0.35 1.04284941929e-09
0.4 1.13160943386e-09
0.45 1.21440295591e-09
0.5 1.29269892786e-09
0.55 1.36800390951e-09
0.6 1.44152218786e-09
0.65 1.51435089085e-09
0.7 1.58756430191e-09
0.75 1.66226668988e-09
0.8 1.73964832021e-09
0.85 1.82105060387e-09
0.9 1.90804744114e-09
0.95 2.00255144966e-09
1.0 2.10695736257e-09
1.05 2.2243345584e-09
1.1 2.35866684202e-09
1.15 2.51505279982e-09
1.2 2.71383245496e-09
1.25 2.95479394363e-09
1.3 2.73700015374e-09
1.35 3.13906139659e-09
1.4 3.53367430885e-09
1.45 4.28681708302e-09
1.5 2.70416008129e-08
1.55 1.95422620631e-08
1.6 0.00920599966296
1.65 0.189754285643
1.7 0.250002465411
1.75 0.367400181465
1.8 0.375347448556
1.85 0.379830807087
1.9 0.380483411357
1.95 0.43977199491
2.0 0.529664019739
0.395628814788 0.395628814788