0 0.0
0.05 4.05646627399e-11
0.1 8.56681393602e-08
0.15 1.20123855307e-10
0.2 1.57633572861e-10
0.25 1.94884608451e-10
0.3 1.00755973287e-07
0.35 1.05193509681e-07
0.4 3.34436978111e-10
0.45 3.98126032142e-10
0.5 4.61242544159e-10
0.55 5.25414600716e-10
0.6 1.36384717631e-07
0.65 6.55467791155e-10
0.7 7.25322579775e-10
0.75 7.9704992606e-10
0.8 8.70570837641e-10
0.85 9.49681833173e-10
0.9 1.02381564338e-09
0.95 1.1027822544e-09
1.0 1.18445692143e-09
1.05 1.26706395376e-09
1.1 1.35179395455e-09
1.15 1.43846956568e-09
1.2 1.52684842547e-09
1.25 1.61706026347e-09
1.3 1.70860525728e-09
1.35 1.80191656041e-09
1.4 1.8965070625e-09
1.45 1.99248845201e-09
1.5 2.08949307856e-09
1.55 2.1874907441e-09
1.6 2.28632346388e-09
1.65 2.38572628319e-09
1.7 2.48566350836e-09
1.75 2.58529581076e-09
1.8 2.68441491258e-09
1.85 2.7823612303e-09
1.9 2.8787134343e-09
1.95 2.9724895878e-09
2.0 3.0789497063e-09
-0.279403292941 -0.279403292941