0 0.0
0.05 1.94588044011e-08
0.1 0.00123492873962
0.15 0.00123496175937
0.2 0.0365067906741
0.25 0.0366834739183
0.3 0.0396071919165
0.35 0.0576711517977
0.4 0.0648643451645
0.45 0.0722371109439
0.5 0.0722371139017
0.55 0.0722371810744
0.6 0.0722376825671
0.65 0.0993302295458
0.7 0.0993310188422
0.75 0.0993309759216
0.8 0.0993310382197
0.85 0.0993310419123
0.9 0.0993310515065
0.95 0.112679362247
1.0 0.114475391015
1.05 0.114475392303
1.1 0.114475418319
1.15 0.114475607948
1.2 0.32579296899
1.25 0.334938188813
1.3 0.429634525241
1.35 0.602245020511
1.4 0.856853145104
1.45 0.938767375964
1.5 0.938767593747
1.55 1.03116855203
1.6 1.06774408388
1.65 1.06777652233
1.7 1.07137666684
1.75 1.07674856327
1.8 1.09936325981
1.85 1.10476595881
1.9 1.20201612557
1.95 1.27534676779
2.0 1.29447577267
0.0 0.0