0 0.0
0.05 -5.12558913567e-09
0.1 -3.65460052139e-09
0.15 4.41126718454e-11
0.2 -7.48277025269e-10
0.25 6.89079127638e-10
0.3 2.11720504387e-09
0.35 3.53702733654e-09
0.4 1.46571161192e-10
0.45 6.35516885348e-09
0.5 1.43643321318e-10
0.55 1.61159149105e-10
0.6 1.0539273415e-08
0.65 1.2081423213e-08
0.7 2.09122849841e-10
0.75 1.52769608478e-08
0.8 1.69285560076e-08
0.85 1.86183156595e-08
0.9 2.03479028813e-08
0.95 2.21188415007e-08
1.0 3.31702676085e-10
1.05 4.18738972563e-10
1.1 2.77194799293e-08
1.15 3.63002892186e-10
1.2 3.17107794917e-08
1.25 4.04348549354e-10
1.3 4.25607578686e-10
1.35 4.47210875879e-10
1.4 4.69730150975e-10
1.45 4.92740124857e-10
1.5 5.37953753181e-10
1.55 5.40845702412e-10
1.6 4.99534760667e-08
1.65 5.91227480869e-10
1.7 5.51356139132e-08
1.75 6.44363961319e-10
1.8 6.71957657378e-10
1.85 7.00341020193e-10
1.9 7.29218923946e-10
1.95 7.58928337355e-10
2.0 7.8928795763e-10
0.0 0.0