0 0.0
0.05 -2.5705731486e-08
0.1 -2.28990422778e-08
0.15 -2.0270327779e-08
0.2 -1.78023343472e-08
0.25 -1.54793958614e-08
0.3 -1.3282288035e-08
0.35 -1.11963654362e-08
0.4 -9.32984897489e-09
0.45 -7.53545423463e-09
0.5 -5.76414911019e-09
0.55 -4.01086017015e-09
0.6 2.6409134483e-10
0.65 -5.37188100448e-10
0.7 1.19407160176e-09
0.75 2.92904570314e-09
0.8 4.67339910211e-09
0.85 6.43290081828e-09
0.9 8.21339623606e-09
0.95 1.00208127838e-08
1.0 1.18611774833e-08
1.05 1.37406217306e-08
1.1 1.5672192935e-08
1.15 1.76652399932e-08
1.2 1.97195830664e-08
1.25 2.18419274652e-08
1.3 2.403910037e-08
1.35 2.63180900396e-08
1.4 2.86860028301e-08
1.45 3.11500409513e-08
1.5 3.37174641945e-08
1.55 3.63955498261e-08
1.6 3.91914523061e-08
1.65 7.08524707063e-10
1.7 4.51642779433e-08
1.75 7.72386644852e-10
1.8 5.16863845877e-08
1.85 5.5166149138e-08
1.9 8.75659610775e-10
1.95 6.2585776081e-08
2.0 6.65288432503e-08
0.0 0.0