0 0.0
0.05 -9.26064450871e-08
0.1 -8.95614165173e-08
0.15 -8.65394531284e-08
0.2 -8.35961964566e-08
0.25 -8.06864522756e-08
0.3 -7.78115483954e-08
0.35 1.9277119377e-10
0.4 -7.2172288265e-08
0.45 -6.94106873526e-08
0.5 -6.66895114041e-08
0.55 -6.40099491421e-08
0.6 -6.13730787216e-08
0.65 -5.87799301469e-08
0.7 -5.6231411308e-08
0.75 -5.37283483316e-08
0.8 -5.12714597955e-08
0.85 -4.88613307248e-08
0.9 -4.64984599674e-08
0.95 -4.41832138941e-08
1.0 -4.19158365172e-08
1.05 -3.96964178201e-08
1.1 -3.75249476036e-08
1.15 -3.54012281633e-08
1.2 -3.33249636875e-08
1.25 -3.12956644028e-08
1.3 -2.93127186498e-08
1.35 -2.73753296049e-08
1.4 -2.54825828568e-08
1.45 -2.36333881937e-08
1.5 -2.1826497615e-08
1.55 -2.00605161045e-08
1.6 -1.83514962072e-08
1.65 -1.66897242329e-08
1.7 -1.5074822657e-08
1.75 -1.34850549445e-08
1.8 -1.19185769967e-08
1.85 -1.03734024561e-08
1.9 -8.84744778997e-09
1.95 -7.33846718183e-09
2.0 -5.85152093366e-09
0.0 0.0