0 0.0
0.05 -7.58285156291e-08
0.1 4.89658720239e-11
0.15 -7.08468445547e-08
0.2 -6.83986633297e-08
0.25 -6.59805244646e-08
0.3 -6.35935740578e-08
0.35 -6.12388269491e-08
0.4 -5.89172573084e-08
0.45 -5.66297443614e-08
0.5 -5.43770935003e-08
0.55 -5.21600071749e-08
0.6 -4.99791373011e-08
0.65 -4.78350577313e-08
0.7 -4.57282231816e-08
0.75 -4.36590486302e-08
0.8 -4.16278599432e-08
0.85 -3.96348684769e-08
0.9 -3.76802583765e-08
0.95 -3.57640901562e-08
1.0 -3.38863484141e-08
1.05 -3.20469516268e-08
1.1 -3.02458278823e-08
1.15 -2.84825331988e-08
1.2 -2.67565949381e-08
1.25 -2.50676559992e-08
1.3 -2.34152297119e-08
1.35 -2.1798776413e-08
1.4 -2.021765972e-08
1.45 -1.86711505041e-08
1.5 -1.71584240208e-08
1.55 -1.56786096211e-08
1.6 -1.42307198002e-08
1.65 -1.28137173002e-08
1.7 -1.14264785267e-08
1.75 -1.00678014428e-08
1.8 -8.73645189125e-09
1.85 -7.43109168746e-09
1.9 -6.15035759145e-09
1.95 -4.89282170955e-09
2.0 -3.65701496073e-09
0.0 0.0