0 0.0
0.05 0.0297696746344
0.1 0.0368145901145
0.15 0.0436800930338
0.2 0.0436801223802
0.25 0.0436801049931
0.3 0.139221599975
0.35 0.145332452665
0.4 0.163827038482
0.45 0.204639940787
0.5 0.224217604959
0.55 0.225386539282
0.6 0.225386722674
0.65 0.234638033704
0.7 0.338511254895
0.75 0.369203515067
0.8 0.36920362389
0.85 0.432224557218
0.9 0.573915933887
0.95 0.651604325915
1.0 0.651604425633
1.05 0.652845458622
1.1 0.74443751659
1.15 0.762011459674
1.2 0.87401808474
1.25 1.07705393666
1.3 1.13824196597
1.35 1.17227751148
1.4 1.25908969378
1.45 1.2597237646
1.5 1.36341425209
1.55 1.40527278135
1.6 1.4623930035
1.65 1.49083747542
1.7 1.52929896306
1.75 1.54622038889
1.8 1.54622054926
1.85 1.56713909001
1.9 1.56713911834
1.95 1.81605198792
2.0 1.83639783064
0.0 0.0