0 0.0
0.05 1.68313746374e-11
0.1 3.43137973079e-11
0.15 5.17975658162e-11
0.2 7.03312312275e-11
0.25 8.84301642462e-11
0.3 1.07288805084e-10
0.35 1.88403767886e-08
0.4 1.46701319982e-10
0.45 1.67160193198e-10
0.5 1.87891076401e-10
0.55 2.09504026435e-10
0.6 2.31819568233e-10
0.65 2.54489454171e-10
0.7 2.78550939599e-10
0.75 3.02668574792e-10
0.8 3.27898662895e-10
0.85 3.53898709087e-10
0.9 3.8069385897e-10
0.95 4.08289198715e-10
1.0 4.36891478494e-10
1.05 4.65991375104e-10
1.1 4.96179641994e-10
1.15 5.27023991051e-10
1.2 5.5889653609e-10
1.25 5.91632822566e-10
1.3 6.25215288977e-10
1.35 6.59789165892e-10
1.4 6.95404049806e-10
1.45 7.31901225209e-10
1.5 7.69346694907e-10
1.55 8.07614466907e-10
1.6 8.46771931785e-10
1.65 8.86836881185e-10
1.7 9.27739813316e-10
1.75 9.69536787394e-10
1.8 1.01220932136e-09
1.85 1.05576870052e-09
1.9 1.10051993384e-09
1.95 1.1462037791e-09
2.0 1.19280160167e-09
0.0 0.0