0 0.0
0.05 8.76618959114e-11
0.1 1.79934585599e-10
0.15 2.78724230646e-10
0.2 3.86359827755e-10
0.25 5.05756666087e-10
0.3 6.40627732981e-10
0.35 7.9518916192e-10
0.4 9.75715973746e-10
0.45 1.18493254764e-09
0.5 1.43707307676e-09
0.55 1.76135761189e-09
0.6 2.18330179151e-09
0.65 2.72087256337e-09
0.7 3.42888436791e-09
0.75 4.56227288662e-09
0.8 7.27640737037e-09
0.85 1.09681568161e-08
0.9 5.43332631129e-08
0.95 0.00650079216948
1.0 0.025930316386
1.05 0.0384947130122
1.1 0.0743398299032
1.15 0.0743400589437
1.2 0.0857805224393
1.25 0.141042503765
1.3 0.186551883231
1.35 0.21232524346
1.4 0.236321179284
1.45 0.306375410853
1.5 0.330361917312
1.55 0.334226599376
1.6 0.370807838163
1.65 0.387047294478
1.7 0.390236023956
1.75 0.619743684848
1.8 0.661249930834
1.85 0.90349418662
1.9 0.931429205598
1.95 1.02960415842
2.0 1.03011405659
0.0 0.0