0 0.0
0.05 9.1371363726e-11
0.1 1.78387288266e-10
0.15 2.62481935056e-10
0.2 3.4492945195e-10
0.25 4.26911374979e-10
0.3 5.0957392278e-10
0.35 5.9408101069e-10
0.4 6.81667467513e-10
0.45 7.7369636398e-10
0.5 8.71723628547e-10
0.55 9.7757046274e-10
0.6 1.09339937203e-09
0.65 1.22177497528e-09
0.7 1.36565722186e-09
0.75 1.52819024765e-09
0.8 1.71195938225e-09
0.85 1.91698207271e-09
0.9 2.13521895989e-09
0.95 2.52061887503e-09
1.0 3.40548615967e-09
1.05 5.18442505202e-09
1.1 6.32599156144e-09
1.15 2.44790160753e-08
1.2 0.00969710302609
1.25 0.0198474652802
1.3 0.0725107796934
1.35 0.154053026371
1.4 0.154263896696
1.45 0.154263912058
1.5 0.239153297102
1.55 0.239153366378
1.6 0.297837653969
1.65 0.313061353136
1.7 0.391354612996
1.75 0.408293791991
1.8 0.408294076602
1.85 0.686591334486
1.9 0.686591359628
1.95 0.88852239618
2.0 0.91589992321
0.0 0.0