0 -5.53557200078e-13
0.05 -1.96629934557e-09
0.1 0.0244524744592
0.15 0.0498818605916
0.2 0.0804148450338
0.25 0.0885999608317
0.3 0.173079666571
0.35 0.173079682291
0.4 0.234045177545
0.45 0.248147064149
0.5 0.282109568752
0.55 0.29188903388
0.6 0.428141992255
0.65 0.547567864894
0.7 0.613811569962
0.75 0.675366469564
0.8 0.70818183256
0.85 0.727620546143
0.9 0.748830281331
0.95 0.781924473381
1.0 0.850082563815
1.05 0.963461600526
1.1 1.00076123003
1.15 1.00077296703
1.2 1.04731570219
1.25 1.05517691053
1.3 1.38792713575
1.35 1.50735873952
1.4 1.51603119187
1.45 1.5160312512
1.5 1.56047666105
1.55 1.6215519519
1.6 1.63038179581
1.65 1.76826470993
1.7 1.76826472705
1.75 1.76826473493
1.8 1.80802660899
1.85 1.80802676668
1.9 1.92284424257
1.95 1.97323899931
2.0 2.0384382945
0.0 0.0