0 0.0
0.05 0.006103043494
0.1 0.102537353232
0.15 0.124344073318
0.2 0.127023764693
0.25 0.146544247562
0.3 0.208124025763
0.35 0.319836184159
0.4 0.381498501061
0.45 0.41879813148
0.5 0.444742487173
0.55 0.458448449653
0.6 0.47044742461
0.65 0.618960468533
0.7 0.766005198026
0.75 0.882954769438
0.8 0.982100864911
0.85 0.98210195894
0.9 1.08888078306
0.95 1.28151618309
1.0 1.88313097832
1.05 1.9215529272
1.1 1.92155300746
1.15 2.03287812579
1.2 2.03418966549
1.25 2.0842316911
1.3 2.12355739171
1.35 2.13403400941
1.4 2.29510742302
1.45 2.33702665587
1.5 2.39566201176
1.55 2.42430627816
1.6 2.57639671643
1.65 2.6040990232
1.7 2.65648664612
1.75 2.70272160764
1.8 2.99231348445
1.85 2.99702463766
1.9 3.02178610387
1.95 3.03282917559
2.0 3.03282951213
0.0 0.0