0 0.0
0.05 -1.32857032042e-08
0.1 7.16229298092e-11
0.15 1.06930908572e-10
0.2 -2.67318989167e-09
0.25 1.76726411283e-10
0.3 4.2613779172e-09
0.35 7.69526864453e-09
0.4 1.11105027401e-08
0.45 1.45096457072e-08
0.5 1.78975367859e-08
0.55 2.12821373857e-08
0.6 2.47853946256e-08
0.65 2.83918017985e-08
0.7 4.89162266248e-10
0.75 3.57725309375e-08
0.8 3.95494641481e-08
0.85 4.33860520843e-08
0.9 4.72838157517e-08
0.95 6.81987577522e-10
1.0 5.52694050526e-08
1.05 7.62544027921e-10
1.1 6.35201036214e-08
1.15 8.46331671411e-10
1.2 8.89890605649e-10
1.25 7.64283316634e-08
1.3 8.09035594074e-08
1.35 1.02380792733e-09
1.4 1.06988307103e-09
1.45 1.11709375084e-09
1.5 1.16527254512e-09
1.55 1.21442611523e-09
1.6 1.26444654747e-09
1.65 1.31640409684e-09
1.7 1.3675471866e-09
1.75 1.42062361874e-09
1.8 1.47477607904e-09
1.85 1.53018220317e-09
1.9 1.58637569747e-09
1.95 1.64462754526e-09
2.0 1.70436198488e-09
1.14702497234 1.14702497234