0 0.0
0.05 0.00546410004124
0.1 0.0325167253502
0.15 0.0767836669437
0.2 0.141301189669
0.25 0.141413723698
0.3 0.145507072938
0.35 0.145526220829
0.4 0.154982156928
0.45 0.176951534896
0.5 0.19355917611
0.55 0.193560441191
0.6 0.256888769404
0.65 0.297992495824
0.7 0.484743282673
0.75 0.517831576461
0.8 0.543224982695
0.85 0.549761064604
0.9 0.549761075093
0.95 0.553180830221
1.0 0.650073434284
1.05 1.01576951878
1.1 1.03817641194
1.15 1.06524699886
1.2 1.16465355273
1.25 1.18349122201
1.3 1.18584420185
1.35 1.19174742497
1.4 1.2536141865
1.45 1.26922252234
1.5 1.28124989407
1.55 1.41868098536
1.6 1.44201280628
1.65 1.44201546061
1.7 1.500342327
1.75 1.60054505126
1.8 1.60054684894
1.85 1.63987461793
1.9 1.74791756367
1.95 1.78295978179
2.0 1.88324574441
1.31423613258 1.31423613258