0 0.0
0.05 -6.89563883771e-08
0.1 -6.61806414115e-08
0.15 8.29820656634e-11
0.2 -6.05818690769e-08
0.25 1.39899203333e-10
0.3 -5.49267253902e-08
0.35 -5.20850458319e-08
0.4 -4.92385967554e-08
0.45 -4.6380215446e-08
0.5 2.8237301386e-10
0.55 3.11039860534e-10
0.6 3.40075523297e-10
0.65 3.69083430485e-10
0.7 3.98597155282e-10
0.75 4.27443413997e-10
0.8 4.56624071887e-10
0.85 4.8622195159e-10
0.9 5.15486320296e-10
0.95 5.4518212167e-10
1.0 5.75120839841e-10
1.05 5.75147929283e-10
1.1 -8.24330048665e-09
1.15 6.65351995721e-10
1.2 6.95552060392e-10
1.25 7.2801920048e-10
1.3 7.56706697302e-10
1.35 7.87551579506e-10
1.4 8.18890733001e-10
1.45 8.50074899361e-10
1.5 8.81129835761e-10
1.55 9.12796505048e-10
1.6 9.44625266897e-10
1.65 9.76744685133e-10
1.7 1.00922292745e-09
1.75 1.04202380058e-09
1.8 1.07531339388e-09
1.85 1.10934217368e-09
1.9 1.14480802615e-09
1.95 1.18097021051e-09
2.0 1.21767262939e-09
1.68863375011 1.68863375011