0 0.0
0.05 -2.19436304861e-08
0.1 4.07506801356e-11
0.15 -1.79975146672e-08
0.2 -1.61309712121e-08
0.25 -1.4323099795e-08
0.3 -1.25709779366e-08
0.35 -1.08717428115e-08
0.4 -9.22256248308e-09
0.45 -7.62059527946e-09
0.5 -6.06309308067e-09
0.55 -4.54735572108e-09
0.6 -3.07077193242e-09
0.65 -1.63082254753e-09
0.7 -2.25108583068e-10
0.75 1.1486537433e-09
0.8 2.49259157121e-09
0.85 3.80870758693e-09
0.9 5.09882490611e-09
0.95 6.36458570559e-09
1.0 7.60746723791e-09
1.05 8.8287400327e-09
1.1 1.0029459181e-08
1.15 1.12104903546e-08
1.2 1.23724461981e-08
1.25 1.3515730539e-08
1.3 1.46404945008e-08
1.35 1.57466553963e-08
1.4 1.68338880923e-08
1.45 1.79016061164e-08
1.5 1.89489892792e-08
1.55 1.99749762201e-08
1.6 2.09782730011e-08
1.65 2.19573752552e-08
1.7 2.29105541596e-08
1.75 2.38359105721e-08
1.8 2.4731381314e-08
1.85 2.55947596934e-08
1.9 2.64237248064e-08
1.95 2.72159119463e-08
2.0 2.79688610329e-08
0.0 0.0