0 0.0
0.05 2.82927109367e-11
0.1 4.18542493226e-10
0.15 8.76681433638e-11
0.2 4.51085661946e-08
0.25 4.82493278515e-08
0.3 1.81977847211e-10
0.35 2.15129679928e-10
0.4 2.48102842937e-10
0.45 2.82733546348e-10
0.5 3.18034216765e-10
0.55 3.53882191832e-10
0.6 3.90376456881e-10
0.65 4.27626549372e-10
0.7 4.29608197787e-10
0.75 7.57796851744e-08
0.8 7.83556616016e-08
0.85 8.16431995987e-08
0.9 8.49648476879e-08
0.95 8.83183519702e-08
1.0 9.16955954478e-08
1.05 9.50798921032e-08
1.1 9.84426039759e-08
1.15 1.01738791825e-07
1.2 1.04901334941e-07
1.25 1.07832246219e-07
1.3 1.10388993007e-07
1.35 1.12361056275e-07
1.4 1.1342535228e-07
1.45 1.13052124201e-07
1.5 1.12050700528e-07
1.55 1.19477343454e-07
1.6 1.28026225097e-07
1.65 1.37880631475e-07
1.7 1.48340347599e-07
1.75 1.56260747871e-07
1.8 1.47343838632e-07
1.85 1.32595716346e-07
1.9 1.23125831443e-07
1.95 1.16116358471e-07
2.0 2.40794804061e-09
0.0 0.0