0 0.0
0.05 0.00447854995869
0.1 0.00496424040784
0.15 0.0292709882282
0.2 0.0527780231513
0.25 0.078317280259
0.3 0.0825811262027
0.35 0.0967618464841
0.4 0.113307184623
0.45 0.181077441917
0.5 0.221392159042
0.55 0.255474831675
0.6 0.3597898613
0.65 0.401223300089
0.7 0.474390766097
0.75 0.497122263749
0.8 0.510402049086
0.85 0.517722248633
0.9 0.517722251134
0.95 0.517722251642
1.0 0.517722251886
1.05 0.517722252072
1.1 0.51772225203
1.15 0.517722252187
1.2 0.517722252222
1.25 0.517722252235
1.3 0.517722252255
1.35 0.517722252264
1.4 0.517722252235
1.45 0.517722252283
1.5 0.517722252297
1.55 0.517722250061
1.6 0.517722250831
1.65 0.517722251768
1.7 0.517722252308
1.75 0.517722252323
1.8 0.517722252327
1.85 0.517722252451
1.9 0.517722252496
1.95 0.517722252345
2.0 0.517722252376
0.0 0.0