0 0.0
0.05 -3.19224211238e-08
0.1 -2.98864096848e-08
0.15 6.04045881584e-11
0.2 -2.60283673815e-08
0.25 -2.41985217828e-08
0.3 -2.24298477973e-08
0.35 -2.07188030267e-08
0.4 -1.90619911711e-08
0.45 -1.7458257279e-08
0.5 -1.59966695793e-08
0.55 -1.46014159177e-08
0.6 -1.32130671903e-08
0.65 -1.18307732381e-08
0.7 -1.04535752625e-08
0.75 -9.08040809698e-09
0.8 -7.71009358353e-09
0.85 -6.34135882766e-09
0.9 -4.97284008074e-09
0.95 -3.60309047026e-09
1.0 4.97322809006e-10
1.05 3.31890503156e-10
1.1 5.29187795026e-10
1.15 1.91980885617e-09
1.2 3.31991641602e-09
1.25 4.73130834268e-09
1.3 6.15581125471e-09
1.35 7.59538149984e-09
1.4 9.05338944621e-09
1.45 1.05306531555e-08
1.5 1.20290363289e-08
1.55 1.35503874035e-08
1.6 1.50965298646e-08
1.65 1.66692540484e-08
1.7 1.82703145533e-08
1.75 1.99013842509e-08
1.8 2.15641199505e-08
1.85 2.32600748923e-08
1.9 5.90385975539e-10
1.95 2.67574902275e-08
2.0 2.8561677852e-08
0.0 0.0