0 0.0
0.05 8.34988141257e-11
0.1 1.67867542068e-10
0.15 2.541131523e-10
0.2 3.43277421817e-10
0.25 4.36453425478e-10
0.3 5.34784193349e-10
0.35 6.39422994573e-10
0.4 7.5140968439e-10
0.45 8.71363218702e-10
0.5 9.98763294404e-10
0.55 1.13033865917e-09
0.6 1.25663260688e-09
0.65 1.35589372671e-09
0.7 4.256377937e-09
0.75 6.3900134621e-09
0.8 8.89079358614e-09
0.85 4.58278169053e-08
0.9 0.0205763655617
0.95 0.121062428977
1.0 0.170014966303
1.05 0.177042479282
1.1 0.261858988941
1.15 0.272853765097
1.2 0.272853766501
1.25 0.289978299398
1.3 0.289978304943
1.35 0.295904253377
1.4 0.295904277743
1.45 0.298324716585
1.5 0.30404962507
1.55 0.304049628534
1.6 0.30404962844
1.65 0.304049713549
1.7 0.304049634034
1.75 0.36041571405
1.8 0.360620778968
1.85 0.371938710208
1.9 0.436341257048
1.95 0.440959583641
2.0 0.498714220848
0.0 0.0