0 0.0
0.05 -7.22004236398e-08
0.1 4.51860771022e-11
0.15 -6.7626965583e-08
0.2 8.9386054114e-11
0.25 1.02722497175e-10
0.3 1.39465772264e-10
0.35 1.63740576653e-10
0.4 1.88270288248e-10
0.45 2.09223305347e-10
0.5 2.3819479722e-10
0.55 2.63371546794e-10
0.6 2.88976398366e-10
0.65 3.14633208376e-10
0.7 3.40115713371e-10
0.75 3.66649821615e-10
0.8 3.91735754945e-10
0.85 4.19553281006e-10
0.9 4.46150449918e-10
0.95 4.72753836078e-10
1.0 4.9972181948e-10
1.05 5.26413357349e-10
1.1 5.53755707955e-10
1.15 5.80950620943e-10
1.2 6.07443650935e-10
1.25 6.35592245501e-10
1.3 6.63071597629e-10
1.35 6.90521639868e-10
1.4 7.18249459908e-10
1.45 7.46065653701e-10
1.5 7.74069031095e-10
1.55 8.01931410166e-10
1.6 8.30076452019e-10
1.65 8.58325410746e-10
1.7 8.86557938173e-10
1.75 9.1516461076e-10
1.8 9.43428668521e-10
1.85 9.71940083971e-10
1.9 1.00065844499e-09
1.95 1.02930375334e-09
2.0 1.05807651529e-09
1.67837069705 1.67837069705