0 0.0
0.05 1.76003023962e-11
0.1 3.61218304835e-11
0.15 9.4983617055e-09
0.2 7.30165164007e-11
0.25 9.23175952687e-11
0.3 1.53032561726e-08
0.35 1.48875939913e-10
0.4 1.53539227269e-10
0.45 1.76152649094e-10
0.5 1.81216783921e-10
0.55 2.201139285e-10
0.6 2.84344161009e-08
0.65 2.67565576853e-10
0.7 2.92862636368e-10
0.75 3.19440795608e-10
0.8 3.45804908425e-10
0.85 3.73138798581e-10
0.9 4.01590597958e-10
0.95 4.31175460238e-10
1.0 4.61601632854e-10
1.05 4.92778375133e-10
1.1 5.24968624175e-10
1.15 5.58114897849e-10
1.2 5.92423370509e-10
1.25 6.27555398466e-10
1.3 6.63427435832e-10
1.35 7.00416088535e-10
1.4 7.3838299275e-10
1.45 7.77192935349e-10
1.5 8.16937301394e-10
1.55 8.57595051633e-10
1.6 8.98946418356e-10
1.65 9.4116841913e-10
1.7 9.84089699476e-10
1.75 1.0279046012e-09
1.8 1.07038928333e-09
1.85 1.10101881782e-09
1.9 1.1313045458e-09
1.95 1.16130310486e-09
2.0 1.19112057829e-09
0.0 0.0