0 0.0
0.05 3.50966682706e-11
0.1 7.05992120782e-11
0.15 -9.25326259849e-12
0.2 1.39224056306e-10
0.25 -9.7937481066e-08
0.3 1.49708893733e-10
0.35 2.46836136775e-10
0.4 -8.69798264836e-08
0.45 -8.33780563437e-08
0.5 3.59806677121e-10
0.55 -7.63415956341e-08
0.6 -7.29381246854e-08
0.65 -6.95913109297e-08
0.7 -6.63061414691e-08
0.75 -6.30868987817e-08
0.8 -5.99371661279e-08
0.85 -5.68598629897e-08
0.9 -5.38572887672e-08
0.95 6.37726184791e-10
1.0 -4.80824375035e-08
1.05 -4.53118022804e-08
1.1 -4.26192488847e-08
1.15 -4.00042783373e-08
1.2 -3.74691688512e-08
1.25 -3.50072206947e-08
1.3 -3.26164989527e-08
1.35 -3.02951872125e-08
1.4 -2.80421988676e-08
1.45 -2.58551789635e-08
1.5 -2.37293993655e-08
1.55 -2.16619051131e-08
1.6 -1.96495098702e-08
1.65 -1.76888016745e-08
1.7 -1.57799626952e-08
1.75 -1.39157229816e-08
1.8 -1.20149453676e-08
1.85 -1.01533887797e-08
1.9 -8.33938420975e-09
1.95 -6.56686532256e-09
2.0 -4.82987452073e-09
0.0 0.0