0 0.0
0.05 -7.75670920057e-08
0.1 5.65566346882e-11
0.15 -7.19398379025e-08
0.2 -6.91647976256e-08
0.25 -6.64070225746e-08
0.3 -6.36695716571e-08
0.35 -6.09564674014e-08
0.4 -5.82714530909e-08
0.45 -5.56180477333e-08
0.5 -5.29995044599e-08
0.55 -5.04187884326e-08
0.6 -4.78786360417e-08
0.65 -4.53814796954e-08
0.7 -4.29294757697e-08
0.75 -4.05245353024e-08
0.8 -3.81682178895e-08
0.85 -3.58618807542e-08
0.9 -3.36065348185e-08
0.95 -3.14029400794e-08
1.0 -2.92515545799e-08
1.05 -2.71525883712e-08
1.1 -2.51059628736e-08
1.15 -2.31113291317e-08
1.2 -2.11680942097e-08
1.25 -1.92754173517e-08
1.3 -1.74322428397e-08
1.35 -1.56372495987e-08
1.4 -1.38889523347e-08
1.45 -1.21856452394e-08
1.5 -1.05254620888e-08
1.55 -8.90636217397e-09
1.6 -7.32617870682e-09
1.65 -5.78259618639e-09
1.7 -4.27319822163e-09
1.75 -2.79546920877e-09
1.8 -1.34683440284e-09
1.85 7.53990262657e-11
1.9 1.473922129e-09
1.95 2.85147177068e-09
2.0 4.21083419231e-09
0.0 0.0