0 0.0
0.05 9.145067941e-12
0.1 1.90440894628e-11
0.15 2.96451774598e-11
0.2 4.16058557769e-11
0.25 5.41673629436e-11
0.3 6.74831945196e-11
0.35 8.15122213012e-11
0.4 9.62465705444e-11
0.45 1.11603711724e-10
0.5 1.27519272928e-10
0.55 1.4394297564e-10
0.6 1.60775721365e-10
0.65 1.77981303235e-10
0.7 1.95495809978e-10
0.75 2.13218577579e-10
0.8 2.31140786908e-10
0.85 2.49147394685e-10
0.9 2.67204375844e-10
0.95 2.85249951052e-10
1.0 3.03219441785e-10
1.05 3.210944433e-10
1.1 3.38765548403e-10
1.15 3.56242260904e-10
1.2 3.73446672483e-10
1.25 3.90350404957e-10
1.3 4.06911373238e-10
1.35 4.23095304021e-10
1.4 4.38815956202e-10
1.45 4.54079780557e-10
1.5 4.68849764737e-10
1.55 4.82978645209e-10
1.6 4.96471205314e-10
1.65 5.09226855391e-10
1.7 5.21195648633e-10
1.75 5.32314030933e-10
1.8 5.42300443587e-10
1.85 5.51324124176e-10
1.9 5.65735065494e-10
1.95 5.64430919046e-10
2.0 2.18607411925e-08
0.0 0.0