0 0.0
0.05 0.0440390942401
0.1 0.0667281799241
0.15 0.167318996093
0.2 0.190042994459
0.25 0.316892793151
0.3 0.316892803387
0.35 0.316892804853
0.4 0.316892805428
0.45 0.316892805717
0.5 0.316892805888
0.55 0.316892805975
0.6 0.316892805939
0.65 0.316892805922
0.7 0.316892805916
0.75 0.316892806001
0.8 0.316892806115
0.85 0.316892806189
0.9 0.316892806241
0.95 0.316892806279
1.0 0.316892806308
1.05 0.316892806331
1.1 0.316892806349
1.15 0.316892806364
1.2 0.316892806376
1.25 0.316892806386
1.3 0.316892806395
1.35 0.316892806404
1.4 0.316892806415
1.45 0.316892806464
1.5 0.316892806433
1.55 0.316892806441
1.6 0.31689280645
1.65 0.316892806538
1.7 0.316892806662
1.75 0.316892806765
1.8 0.31689280747
1.85 0.316892806554
1.9 0.316892807233
1.95 0.316892807419
2.0 0.316892806722
-0.811238678611 -0.811238678611