0 0.0
0.05 -7.41118779119e-10
0.1 3.14895324507e-11
0.15 4.68698453448e-11
0.2 3.91413926688e-09
0.25 5.45876311229e-09
0.3 7.00452579849e-09
0.35 1.02530297506e-10
0.4 1.01107755913e-08
0.45 2.43543096825e-10
0.5 1.55624949733e-10
0.55 1.48478227483e-08
0.6 1.64580017266e-08
0.65 1.80879211445e-08
0.7 1.97399524854e-08
0.75 2.14284106537e-08
0.8 2.31672112283e-08
0.85 2.49408585007e-08
0.9 2.90792142266e-10
0.95 2.86015773029e-08
1.0 3.04928256717e-08
1.05 3.48614729109e-10
1.1 3.44066875456e-08
1.15 3.64327757945e-08
1.2 3.85070779749e-08
1.25 4.06310265511e-08
1.3 4.28059426281e-08
1.35 4.50330182807e-08
1.4 4.96635953918e-10
1.45 4.96479247785e-08
1.5 5.43609226025e-10
1.55 5.44833921095e-08
1.6 5.93280239253e-10
1.65 6.18626927974e-10
1.7 6.44994557041e-10
1.75 6.71586446677e-10
1.8 7.012683249e-10
1.85 7.27297896889e-10
1.9 7.58004547781e-10
1.95 7.89562796035e-10
2.0 8.22278770659e-10
0.0 0.0