0 0.0
0.05 7.07119522401e-10
0.1 1.21303088263e-09
0.15 1.58967887518e-09
0.2 1.877533742e-09
0.25 2.10806530822e-09
0.3 2.29765180687e-09
0.35 2.45731902819e-09
0.4 2.5953285958e-09
0.45 2.71639682771e-09
0.5 2.82323047315e-09
0.55 2.91917147283e-09
0.6 3.00823430099e-09
0.65 3.09235648932e-09
0.7 3.17317852054e-09
0.75 3.25215192192e-09
0.8 3.33170699163e-09
0.85 3.4159899052e-09
0.9 3.50286168188e-09
0.95 3.59239029152e-09
1.0 3.68541710871e-09
1.05 3.78285986329e-09
1.1 3.88462652827e-09
1.15 3.98368708416e-09
1.2 4.05187544829e-09
1.25 4.14106423319e-09
1.3 4.22411710126e-09
1.35 4.36871916352e-09
1.4 6.91964065706e-09
1.45 7.5532181657e-09
1.5 8.43492721173e-09
1.55 4.38008521386e-09
1.6 5.08468381635e-09
1.65 6.7723665794e-09
1.7 9.00589960465e-09
1.75 1.47954962318e-08
1.8 0.016634047866
1.85 0.0654574776463
1.9 0.193744255484
1.95 0.222098409277
2.0 0.227809366367
0.0 0.0