0 0.0
0.05 0.017228918804
0.1 0.024403525611
0.15 0.0291149798062
0.2 0.0399080538504
0.25 0.0602248732953
0.3 0.0720518115084
0.35 0.0842293946676
0.4 0.134584430148
0.45 0.134584457971
0.5 0.207519403207
0.55 0.298050072267
0.6 0.427281805844
0.65 0.482863628296
0.7 0.567018612579
0.75 0.593479510492
0.8 0.599992515876
0.85 0.599992551828
0.9 0.599992570455
0.95 0.611916385001
1.0 0.627293295555
1.05 0.773687880256
1.1 0.837124747285
1.15 0.837125137375
1.2 0.837125261944
1.25 0.860369773915
1.3 0.909680606229
1.35 1.0062698017
1.4 1.04243390207
1.45 1.04243401171
1.5 1.04466574782
1.55 1.08877176178
1.6 1.15100970347
1.65 1.15208430749
1.7 1.17077282109
1.75 1.17754347689
1.8 1.19057174987
1.85 1.19188258495
1.9 1.22522314905
1.95 1.22800823804
2.0 1.23746732189
1.14702497234 1.14702497234