0 0.0
0.05 2.40010099251e-06
0.1 0.0419386125943
0.15 0.128408264199
0.2 0.19121230478
0.25 0.240816306226
0.3 0.248246870459
0.35 0.297166777106
0.4 0.350185277707
0.45 0.460919497902
0.5 0.538723445597
0.55 0.605418752211
0.6 0.71202434473
0.65 0.71202447201
0.7 0.712024491532
0.75 0.712024499366
0.8 0.712024503331
0.85 0.712024516611
0.9 0.712024516629
0.95 0.71202451665
1.0 0.712024509877
1.05 0.712024511715
1.1 0.712024513316
1.15 0.712024514625
1.2 0.712024514946
1.25 0.712024514957
1.3 0.712024515082
1.35 0.71202451601
1.4 0.712024515363
1.45 0.712024516726
1.5 0.712024516562
1.55 0.712024516685
1.6 0.712024516805
1.65 0.712024516915
1.7 0.712024517032
1.75 0.712024517121
1.8 0.712024517174
1.85 0.71202451722
1.9 0.712024517306
1.95 0.712024517438
2.0 0.712024517602
-1.03251709751 -1.03251709751