0 0.0
0.05 0.0449986517429
0.1 0.0609475201896
0.15 0.152329646089
0.2 0.159729111594
0.25 0.191993376641
0.3 0.352382464834
0.35 0.399287273606
0.4 0.419489159047
0.45 0.419490008954
0.5 0.437746417005
0.55 0.44750341115
0.6 0.462692701133
0.65 0.462692742756
0.7 0.545490114028
0.75 0.639559198372
0.8 0.763472587254
0.85 0.779655324633
0.9 0.779655430193
0.95 0.834406505791
1.0 0.868040075685
1.05 0.944409191842
1.1 1.02716444744
1.15 1.03102067388
1.2 1.03102076106
1.25 1.0382356994
1.3 1.03823597219
1.35 1.06223774389
1.4 1.09175831602
1.45 1.33964020494
1.5 1.37435092216
1.55 1.37435094611
1.6 1.44513161145
1.65 1.47345443732
1.7 1.52036766831
1.75 1.52036764614
1.8 1.58656220845
1.85 1.58656228718
1.9 1.58825783248
1.95 1.65046555787
2.0 1.65046557162
0.0 0.0