0 0.0
0.05 0.0164844626789
0.1 0.0367366955288
0.15 0.0387258706982
0.2 0.0387259006502
0.25 0.0845397205775
0.3 0.0845397667104
0.35 0.143352018913
0.4 0.149826477823
0.45 0.149826511574
0.5 0.149826649301
0.55 0.179698531767
0.6 0.246280158828
0.65 0.252455688509
0.7 0.252456062527
0.75 0.277734008735
0.8 0.29530636815
0.85 0.334471328189
0.9 0.33447134051
0.95 0.33447135908
1.0 0.371607564171
1.05 0.371834721325
1.1 0.371834680358
1.15 0.371835073308
1.2 0.384291507108
1.25 0.384292534239
1.3 0.403399112547
1.35 0.450310196046
1.4 0.450310285131
1.45 0.463702178042
1.5 0.463705629004
1.55 0.480895806997
1.6 0.538447649551
1.65 0.579181328532
1.7 0.611002199469
1.75 0.611002344324
1.8 0.645840560913
1.85 0.64584060112
1.9 0.673738252116
1.95 0.674928063187
2.0 0.769315897554
0.0 0.0