0 0.0
0.05 0.054439338831
0.1 0.0714023496719
0.15 0.0769442061714
0.2 0.108470588028
0.25 0.108470643081
0.3 0.108470656398
0.35 0.128993978632
0.4 0.18272452649
0.45 0.207178323736
0.5 0.207178338187
0.55 0.207178342737
0.6 0.278785462504
0.65 0.33779111799
0.7 0.369765082211
0.75 0.439684413061
0.8 0.439684719903
0.85 0.439928555284
0.9 0.447187239873
0.95 0.486024570261
1.0 0.507624419838
1.05 0.507624712618
1.1 0.56742421959
1.15 0.612888522748
1.2 0.621963901937
1.25 0.656952190842
1.3 0.673719478765
1.35 0.673719491426
1.4 0.691130756537
1.45 0.691130866221
1.5 0.722164950552
1.55 0.784211723435
1.6 0.829961240632
1.65 0.860673401452
1.7 0.892140746626
1.75 0.896427726086
1.8 0.896427863983
1.85 0.902834332754
1.9 0.902834349671
1.95 0.904084294557
2.0 0.904084293229
0.0 0.0