0 0.0
0.05 1.00515415191e-10
0.1 2.12356185734e-10
0.15 3.3887479285e-10
0.2 4.84518210224e-10
0.25 6.55552453299e-10
0.3 8.61306559876e-10
0.35 1.11552661865e-09
0.4 1.43744723622e-09
0.45 1.85933000901e-09
0.5 2.43464979565e-09
0.55 3.26332080227e-09
0.6 4.54616442883e-09
0.65 6.74066797827e-09
0.7 1.10852454759e-08
0.75 2.21022174769e-08
0.8 1.09909728618e-07
0.85 0.00487154805996
0.9 0.00487155620782
0.95 0.0103265712942
1.0 0.0167208683424
1.05 0.0291795549325
1.1 0.0418715647389
1.15 0.0453083678561
1.2 0.0871841726638
1.25 0.0967729184487
1.3 0.114438087669
1.35 0.114438102222
1.4 0.136026147647
1.45 0.141634928432
1.5 0.169059820874
1.55 0.202873557862
1.6 0.216583819816
1.65 0.235396259129
1.7 0.247332612101
1.75 0.269834470393
1.8 0.269834481177
1.85 0.352088214489
1.9 0.49517690577
1.95 0.542004238949
2.0 0.582073429275
0.0 0.0