0 0.0
0.05 3.517657627e-12
0.1 1.9008147639e-08
0.15 4.61216592195e-11
0.2 6.08418108859e-11
0.25 2.38474067264e-08
0.3 2.55341042534e-08
0.35 1.12887816477e-10
0.4 2.90128242199e-08
0.45 1.48624899671e-10
0.5 1.66766525271e-10
0.55 1.85313767649e-10
0.6 2.04824627598e-10
0.65 2.23626944023e-10
0.7 2.43255703929e-10
0.75 2.63191825952e-10
0.8 2.8348366773e-10
0.85 3.04032058201e-10
0.9 3.24964190947e-10
0.95 3.46094554534e-10
1.0 3.67663939144e-10
1.05 3.89448200744e-10
1.1 4.11439202901e-10
1.15 4.33629261901e-10
1.2 4.55927022727e-10
1.25 4.78509409316e-10
1.3 5.01226790101e-10
1.35 5.24103156479e-10
1.4 5.47083625175e-10
1.45 5.70272099239e-10
1.5 5.93403703343e-10
1.55 6.17227442259e-10
1.6 6.39975850692e-10
1.65 6.63325465504e-10
1.7 6.86707318095e-10
1.75 7.10015956838e-10
1.8 7.33225893481e-10
1.85 7.56382225217e-10
1.9 7.79481482501e-10
1.95 8.02425371432e-10
2.0 8.25238943002e-10
0.0 0.0