0 0.0
0.05 9.11522381781e-11
0.1 1.7992057399e-10
0.15 2.67678760885e-10
0.2 3.55718934953e-10
0.25 4.45312245154e-10
0.3 5.37758178033e-10
0.35 6.34384867876e-10
0.4 7.37530933294e-10
0.45 8.48688384802e-10
0.5 9.69051975386e-10
0.55 1.09965781752e-09
0.6 1.24089783042e-09
0.65 1.39247976479e-09
0.7 1.55393041461e-09
0.75 1.72413592101e-09
0.8 1.9136440535e-09
0.85 2.15213650593e-09
0.9 2.39868730221e-09
0.95 2.58698867145e-09
1.0 3.37811391622e-09
1.05 4.39863700488e-09
1.1 5.72231252976e-09
1.15 7.81217886538e-09
1.2 1.30792801525e-08
1.25 0.0101795651242
1.3 0.0101798078382
1.35 0.0275968057302
1.4 0.11437683773
1.45 0.126249214725
1.5 0.126249234915
1.55 0.139993339493
1.6 0.149295240196
1.65 0.15153530307
1.7 0.152063147077
1.75 0.223080313974
1.8 0.234485404014
1.85 0.574733961232
1.9 0.653984055299
1.95 0.782482209802
2.0 0.865295325348
0.0 0.0