0 0.0
0.05 1.5101642209e-10
0.1 3.19616267879e-10
0.15 5.09520390908e-10
0.2 7.23932113215e-10
0.25 9.62793605514e-10
0.3 1.21257994621e-09
0.35 1.40319381762e-09
0.4 1.63973123719e-09
0.45 4.19878031885e-09
0.5 2.74394928142e-09
0.55 0.0555641812704
0.6 0.170111264773
0.65 0.195702485761
0.7 0.227788137149
0.75 0.264300739397
0.8 0.269642442962
0.85 0.269642851173
0.9 0.320168445867
0.95 0.428680203421
1.0 0.469074791089
1.05 0.470804747876
1.1 0.52251584944
1.15 0.628720696199
1.2 0.679272350296
1.25 0.765981221641
1.3 0.7972920866
1.35 0.821614773623
1.4 0.824332507494
1.45 0.915653888583
1.5 0.915654041724
1.55 0.923337325089
1.6 1.00784593635
1.65 1.1558675242
1.7 1.16790256903
1.75 1.20457490444
1.8 1.27411775806
1.85 1.27411780667
1.9 1.31909368958
1.95 1.35438112438
2.0 1.37263125875
0.0 0.0