0 0.0
0.05 2.54129832305e-11
0.1 5.40915478222e-11
0.15 -4.54216396583e-08
0.2 1.04443238672e-10
0.25 1.27011268006e-10
0.3 -3.80832737646e-08
0.35 1.764244035e-10
0.4 -3.34318207535e-08
0.45 2.22029155609e-10
0.5 2.44882124125e-10
0.55 -2.67914539245e-08
0.6 2.80628340962e-10
0.65 3.08911650195e-10
0.7 3.27742209928e-10
0.75 3.49053736484e-10
0.8 3.69201396749e-10
0.85 3.89090113491e-10
0.9 4.08281710697e-10
0.95 4.27594737491e-10
1.0 -8.69766507353e-09
1.05 8.28247098304e-10
1.1 4.85083361896e-10
1.15 5.04062947163e-10
1.2 5.20774128025e-10
1.25 5.42090067021e-10
1.3 2.74858911471e-09
1.35 4.68238614455e-09
1.4 6.00144992787e-10
1.45 8.61066825959e-09
1.5 6.39975144766e-10
1.55 1.26634531e-08
1.6 6.8372940735e-10
1.65 7.02689464576e-10
1.7 7.2423286037e-10
1.75 7.46567730768e-10
1.8 2.35560915404e-08
1.85 7.92812775536e-10
1.9 8.16763116456e-10
1.95 8.41454306169e-10
2.0 8.66926596217e-10
0.0 0.0