0 0.0
0.05 0.0613062331243
0.1 0.0720833579534
0.15 0.0989457798361
0.2 0.111958910824
0.25 0.292403670616
0.3 0.306207570774
0.35 0.474432353467
0.4 0.512250865478
0.45 0.527830040115
0.5 0.528499914161
0.55 0.540367405944
0.6 0.540367807445
0.65 0.542781491915
0.7 0.580675130692
0.75 0.580796077572
0.8 0.599097570181
0.85 0.671295997007
0.9 0.685145452908
0.95 0.685145492899
1.0 0.705551279598
1.05 0.705551282286
1.1 0.705551282644
1.15 0.705551282784
1.2 0.705551282851
1.25 0.705551282893
1.3 0.705551282925
1.35 0.705551282949
1.4 0.705551280702
1.45 0.705551282208
1.5 0.705551282977
1.55 0.705551282986
1.6 0.705551282997
1.65 0.705551283005
1.7 0.705551282123
1.75 0.705551282938
1.8 0.705551282877
1.85 0.705551283015
1.9 0.705551282486
1.95 0.705551283039
2.0 0.705551283044
0.0 0.0