0 0.0
0.05 9.19079037648e-11
0.1 1.79918616023e-10
0.15 2.65429829455e-10
0.2 3.49723773077e-10
0.25 4.34030948719e-10
0.3 5.19631053557e-10
0.35 6.07839804058e-10
0.4 7.00100403101e-10
0.45 7.98068058206e-10
0.5 9.03743439391e-10
0.55 1.01959816547e-09
0.6 1.14879588579e-09
0.65 1.29551357654e-09
0.7 1.46543945099e-09
0.75 1.66702760185e-09
0.8 1.91203388664e-09
0.85 2.21797580633e-09
0.9 2.61321540209e-09
0.95 3.14604766156e-09
1.0 3.90425978173e-09
1.05 5.06457868829e-09
1.1 7.06133510827e-09
1.15 1.2065952267e-08
1.2 0.00287007947881
1.25 0.0323599932739
1.3 0.106851095341
1.35 0.107102554266
1.4 0.120311935025
1.45 0.128493107557
1.5 0.14071444182
1.55 0.140714540587
1.6 0.188431645363
1.65 0.236244630613
1.7 0.355850957256
1.75 0.358715185004
1.8 0.367705548273
1.85 0.448373050975
1.9 0.739775086177
1.95 0.804774965879
2.0 0.94266917021
0.0 0.0