0 0.0
0.05 2.25873764137e-11
0.1 4.62663241052e-11
0.15 7.07537362032e-11
0.2 9.63047419589e-11
0.25 1.22399979041e-10
0.3 1.49425583018e-10
0.35 1.77332815099e-10
0.4 2.05677253007e-10
0.45 2.34742003613e-10
0.5 2.64427146845e-10
0.55 2.94693713876e-10
0.6 3.26011884155e-10
0.65 3.58697738179e-10
0.7 3.92778587432e-10
0.75 4.28240665151e-10
0.8 4.65112282022e-10
0.85 5.03448283062e-10
0.9 5.43178391155e-10
0.95 5.84393200498e-10
1.0 6.27081386817e-10
1.05 6.71257605056e-10
1.1 7.16918413524e-10
1.15 7.64102447981e-10
1.2 8.12822698038e-10
1.25 8.63288218689e-10
1.3 9.15076348029e-10
1.35 9.68113478272e-10
1.4 1.02238961741e-09
1.45 1.07787412329e-09
1.5 1.13454168282e-09
1.55 1.19239440544e-09
1.6 1.25138954754e-09
1.65 1.31152289029e-09
1.7 1.37289724034e-09
1.75 1.43582068457e-09
1.8 1.50015155853e-09
1.85 1.56578749966e-09
1.9 1.6327625918e-09
1.95 1.70104508257e-09
2.0 1.7707461053e-09
0.517059434597 0.517059434597