0 0.0
0.05 0.00385152766598
0.1 0.019766354895
0.15 0.0688199859264
0.2 0.0732945545102
0.25 0.0959804991646
0.3 0.105551353145
0.35 0.140474212758
0.4 0.155466841876
0.45 0.321337108514
0.5 0.410059323362
0.55 0.42449211295
0.6 0.436153770667
0.65 0.521804739189
0.7 0.577448874473
0.75 0.577448999888
0.8 0.592292596854
0.85 0.643614003057
0.9 0.654688763713
0.95 0.670854253797
1.0 0.706140726347
1.05 0.784538824664
1.1 0.808518185523
1.15 0.868997599944
1.2 0.914402551131
1.25 0.921722940754
1.3 0.929902479021
1.35 0.987702164654
1.4 1.16935855622
1.45 1.20477880271
1.5 1.21278745272
1.55 1.26982656261
1.6 1.30728612124
1.65 1.40652792373
1.7 1.41450532212
1.75 1.47355339754
1.8 1.49339094156
1.85 1.53910056722
1.9 1.54261713764
1.95 1.57157978939
2.0 1.57157998836
0.0 0.0