0 0.0
0.05 0.00982176470092
0.1 0.0292469687303
0.15 0.113774238935
0.2 0.122481823182
0.25 0.122482205082
0.3 0.122483860188
0.35 0.153932821967
0.4 0.18835312615
0.45 0.323285937731
0.5 0.346707053425
0.55 0.349378150032
0.6 0.367831890245
0.65 0.367831893145
0.7 0.36783189388
0.75 0.367831894203
0.8 0.367831894358
0.85 0.367831894447
0.9 0.367831894503
0.95 0.367831894536
1.0 0.367831894553
1.05 0.367831894554
1.1 0.367831894515
1.15 0.367831894458
1.2 0.367831894462
1.25 0.367831894589
1.3 0.367831894663
1.35 0.367831894637
1.4 0.367831894086
1.45 0.367831894804
1.5 0.367831894807
1.55 0.367831894813
1.6 0.367831894821
1.65 0.367831894828
1.7 0.367831894836
1.75 0.367831894842
1.8 0.367831894849
1.85 0.367831894891
1.9 0.367831894919
1.95 0.367831894952
2.0 0.367831895022
0.0 0.0