0 0.0
0.05 3.60165259446e-08
0.1 6.93651451888e-11
0.15 1.07440417966e-10
0.2 1.47582846852e-10
0.25 1.90397267486e-10
0.3 2.35692848692e-10
0.35 2.8341494367e-10
0.4 3.33788798279e-10
0.45 3.86862451931e-10
0.5 4.42572850874e-10
0.55 5.01403770126e-10
0.6 5.63086426712e-10
0.65 6.27498390075e-10
0.7 6.9458902998e-10
0.75 7.64214302039e-10
0.8 8.3624613943e-10
0.85 9.10478461508e-10
0.9 9.86662792106e-10
0.95 1.05616209651e-09
1.0 1.11215152571e-09
1.05 1.16859671636e-09
1.1 1.22543910694e-09
1.15 1.28265095103e-09
1.2 1.3401336278e-09
1.25 1.39784388167e-09
1.3 1.45571445146e-09
1.35 1.5426711649e-09
1.4 1.63728538797e-09
1.45 1.73535597284e-09
1.5 1.8366811426e-09
1.55 1.94158621833e-09
1.6 2.05025183915e-09
1.65 2.16282308817e-09
1.7 2.2794292662e-09
1.75 2.4002602456e-09
1.8 2.52542589253e-09
1.85 2.65511852313e-09
1.9 2.78952207491e-09
1.95 2.92876079599e-09
2.0 3.07306176222e-09
0.0 0.0