0 0.0
0.05 3.72488205471e-11
0.1 7.59826429138e-08
0.15 1.17569626066e-10
0.2 1.60918527259e-10
0.25 2.06221564476e-10
0.3 2.5397507803e-10
0.35 3.03932175974e-10
0.4 3.56864190087e-10
0.45 4.13096692029e-10
0.5 4.72169861483e-10
0.55 5.31944988192e-10
0.6 5.48178511953e-10
0.65 5.63529639817e-10
0.7 5.78019695703e-10
0.75 5.91595648264e-10
0.8 6.04340777547e-10
0.85 6.16235375854e-10
0.9 6.27328540796e-10
0.95 6.37798651885e-10
1.0 6.46904796915e-10
1.05 6.55698355871e-10
1.1 6.6450526245e-10
1.15 6.73530241503e-10
1.2 6.80545799528e-10
1.25 6.87394195977e-10
1.3 7.04659382669e-10
1.35 7.42718059159e-10
1.4 7.81662609908e-10
1.45 8.22135029193e-10
1.5 8.63030983829e-10
1.55 9.04098948862e-10
1.6 9.66257324524e-10
1.65 9.9047158101e-10
1.7 1.03490477909e-09
1.75 1.08051391475e-09
1.8 1.12714436086e-09
1.85 1.17619453306e-09
1.9 1.22333396963e-09
1.95 1.27281756316e-09
2.0 1.32335799263e-09
0.0 0.0