0 0.0
0.05 0.0236148543391
0.1 0.0690144121714
0.15 0.0690147704712
0.2 0.190678606448
0.25 0.206067920024
0.3 0.206067894319
0.35 0.206067909898
0.4 0.206067918019
0.45 0.206067922518
0.5 0.206067925275
0.55 0.206067927096
0.6 0.206067928374
0.65 0.206067929308
0.7 0.206067930013
0.75 0.20606793056
0.8 0.206067930994
0.85 0.206067931271
0.9 0.206067931486
0.95 0.206067931669
1.0 0.206067931833
1.05 0.20606793199
1.1 0.206067932154
1.15 0.206067932342
1.2 0.20606793257
1.25 0.206067932874
1.3 0.20606793327
1.35 0.206067932768
1.4 0.206067933591
1.45 0.20606793389
1.5 0.206067933253
1.55 0.206067933022
1.6 0.206067933224
1.65 0.206067933444
1.7 0.206067933662
1.75 0.206067933897
1.8 0.206067934167
1.85 0.206067934499
1.9 0.206067934927
1.95 0.206067935498
2.0 0.206067936292
0.0 0.0