0 0.0
0.05 5.33500431407e-10
0.1 1.26288183215e-09
0.15 2.31347731823e-09
0.2 3.97720210702e-09
0.25 6.20967179656e-09
0.3 1.63315156989e-06
0.35 0.0557293083819
0.4 0.0779714722528
0.45 0.129720546125
0.5 0.210016875183
0.55 0.36896712317
0.6 0.420766594237
0.65 0.420766632926
0.7 0.450474227763
0.75 0.536053147239
0.8 0.678978503419
0.85 0.720106843562
0.9 0.79151571886
0.95 0.791997519478
1.0 0.836462798585
1.05 0.936455070208
1.1 0.957520377066
1.15 1.0520223636
1.2 1.16904582976
1.25 1.27803611648
1.3 1.27803623277
1.35 1.27803626951
1.4 1.28689105782
1.45 1.30516553573
1.5 1.48925141333
1.55 1.50507523915
1.6 1.50712367977
1.65 1.58714304618
1.7 1.61402399391
1.75 1.6140251576
1.8 1.68448492252
1.85 1.80997375499
1.9 1.87118626309
1.95 2.03605209196
2.0 2.1385393446
0.0 0.0