0 0.0
0.05 0.00649110601558
0.1 0.0066465880685
0.15 0.0661862757111
0.2 0.075935969539
0.25 0.0850092736208
0.3 0.100444788895
0.35 0.150579246468
0.4 0.177437061618
0.45 0.275253069934
0.5 0.282124572574
0.55 0.291494423944
0.6 0.291494506846
0.65 0.294912772291
0.7 0.299760304503
0.75 0.309083353389
0.8 0.309150464795
0.85 0.314477458604
0.9 0.321553162451
0.95 0.344345526189
1.0 0.418057900681
1.05 0.484983014123
1.1 0.587671240285
1.15 0.717669159678
1.2 0.720801678477
1.25 0.780699045475
1.3 0.780699057878
1.35 0.854639676192
1.4 0.879494705452
1.45 0.930044655426
1.5 0.944054883181
1.55 0.960305881009
1.6 0.975914971006
1.65 0.982282612908
1.7 0.989527279978
1.75 1.08005977579
1.8 1.19563370983
1.85 1.20198610857
1.9 1.48086020733
1.95 1.66113741615
2.0 1.77517386084
0.0 0.0