0 0.0
0.05 4.35756430939e-11
0.1 8.01639310488e-11
0.15 1.57354127561e-07
0.2 1.61194900761e-07
0.25 1.95685523341e-10
0.3 1.6878977821e-07
0.35 2.92563029358e-10
0.4 3.12293746418e-10
0.45 1.80106562941e-07
0.5 1.72840121992e-07
0.55 1.65786022854e-07
0.6 1.69375592218e-07
0.65 1.7304063693e-07
0.7 1.76707319277e-07
0.75 1.80349405465e-07
0.8 1.83826525446e-07
0.85 1.87000907925e-07
0.9 1.89718959154e-07
0.95 1.91789036819e-07
1.0 1.92967604951e-07
1.05 1.92935470544e-07
1.1 1.91254449722e-07
1.15 1.87281393282e-07
1.2 1.79980036097e-07
1.25 1.78597982459e-07
1.3 1.87228027915e-07
1.35 1.96773094763e-07
1.4 2.07340096814e-07
1.45 2.18407368024e-07
1.5 2.33758557733e-07
1.55 2.31128461758e-07
1.6 2.19658548017e-07
1.65 2.05619373417e-07
1.7 1.98749544711e-07
1.75 1.9166428028e-07
1.8 1.89507293191e-09
1.85 4.50712323019e-09
1.9 6.46911046953e-09
1.95 8.21444740007e-09
2.0 9.85743764392e-09
-0.483173156334 -0.483173156334