0 0.0
0.05 1.24540987507e-10
0.1 2.34500517432e-10
0.15 3.3326867946e-10
0.2 4.23438863167e-10
0.25 5.0700500814e-10
0.3 5.8571569314e-10
0.35 6.60961727067e-10
0.4 7.33945423511e-10
0.45 8.05752496303e-10
0.5 8.77404469784e-10
0.55 9.49903444109e-10
0.6 1.0242736315e-09
0.65 1.10160116139e-09
0.7 1.18307425668e-09
0.75 1.27002194405e-09
0.8 1.36394386965e-09
0.85 1.46651010129e-09
0.9 1.57946833165e-09
0.95 1.75630774136e-09
1.0 2.01594845662e-09
1.05 2.37580410024e-09
1.1 2.90701553002e-09
1.15 3.75778609618e-09
1.2 5.26108495514e-09
1.25 7.42577684247e-09
1.3 9.94846682664e-09
1.35 1.56487212733e-07
1.4 0.0939350106433
1.45 0.0996714865888
1.5 0.146986086014
1.55 0.148136223888
1.6 0.148585149541
1.65 0.15913186633
1.7 0.214844896572
1.75 0.296931407951
1.8 0.296932048618
1.85 0.404106339954
1.9 0.404107013169
1.95 0.419301946129
2.0 0.444216212079
0.0 0.0