0 0.0
0.05 -2.05114737723e-09
0.1 -6.38676948645e-10
0.15 4.16004327486e-11
0.2 2.10390184405e-09
0.25 6.94076501164e-11
0.3 4.77260933677e-09
0.35 6.08454177351e-09
0.4 7.38112014477e-09
0.45 8.66191298512e-09
0.5 9.92636324627e-09
0.55 1.11737888578e-08
0.6 1.24033908448e-08
0.65 1.36142562397e-08
0.7 1.8363778587e-10
0.75 1.59754857128e-08
0.8 1.71385611839e-08
0.85 1.85562049025e-08
0.9 1.99909234882e-08
0.95 2.14432529696e-08
1.0 2.29165900533e-08
1.05 2.44167631165e-08
1.1 2.59376178517e-08
1.15 2.74796024528e-08
1.2 2.90430795703e-08
1.25 3.06284099789e-08
1.3 3.22358736085e-08
1.35 3.38657121702e-08
1.4 3.55181344316e-08
1.45 3.71932765479e-08
1.5 3.88911734978e-08
1.55 4.0611825837e-08
1.6 4.23550855866e-08
1.65 4.41207001223e-08
1.7 4.59082546158e-08
1.75 4.77219964752e-08
1.8 4.95654112227e-08
1.85 5.14300085711e-08
1.9 5.33145662612e-08
1.95 5.52175796583e-08
2.0 5.71371523418e-08
0.0 0.0