0 0.0
0.05 -2.45607053628e-08
0.1 -2.27576370953e-08
0.15 -2.09956185493e-08
0.2 -1.92793402162e-08
0.25 -1.75982577326e-08
0.3 -1.59510102257e-08
0.35 1.20816058612e-10
0.4 -1.27522140035e-08
0.45 -1.11976214821e-08
0.5 -9.67077825883e-09
0.55 -8.17008095076e-09
0.6 -6.69386447197e-09
0.65 -5.240468138e-09
0.7 -3.80822282997e-09
0.75 -2.39546683553e-09
0.8 -1.0005487522e-09
0.85 3.78149874796e-10
0.9 1.7422212774e-09
0.95 3.09319461879e-09
1.0 4.432548665e-09
1.05 5.76170369115e-09
1.1 7.08201079867e-09
1.15 8.39531013454e-09
1.2 9.70235339473e-09
1.25 1.10041825421e-08
1.3 1.23017144764e-08
1.35 1.35957508943e-08
1.4 1.48869357861e-08
1.45 1.61757874214e-08
1.5 1.74626925613e-08
1.55 1.87478453995e-08
1.6 2.00313049474e-08
1.65 2.13129728612e-08
1.7 2.25925423088e-08
1.75 2.38696038934e-08
1.8 2.51438207683e-08
1.85 2.64142195828e-08
1.9 2.7690156458e-08
1.95 2.89762568714e-08
2.0 3.02581807194e-08
0.0 0.0