0 0.0
0.05 8.65078621365e-11
0.1 1.76507677583e-10
0.15 2.71519059009e-10
0.2 3.7334211311e-10
0.25 4.84191105917e-10
0.3 6.06888509838e-10
0.35 7.45161262092e-10
0.4 9.04115044197e-10
0.45 1.09103924251e-09
0.5 1.31687042734e-09
0.55 1.59907615466e-09
0.6 1.97034389352e-09
0.65 2.49771614698e-09
0.7 3.29813021331e-09
0.75 4.58561708627e-09
0.8 6.67289550998e-09
0.85 1.12529239871e-08
0.9 7.06372119483e-08
0.95 0.0672562506704
1.0 0.125570875784
1.05 0.125571116762
1.1 0.127356331896
1.15 0.209226966103
1.2 0.300314831072
1.25 0.372295385317
1.3 0.423158314125
1.35 0.435932779675
1.4 0.777589165451
1.45 0.874258828962
1.5 0.900339150358
1.55 0.900339234316
1.6 0.900503927976
1.65 0.900503963213
1.7 0.960740850644
1.75 1.0061175536
1.8 1.02189448584
1.85 1.07261372282
1.9 1.20685302807
1.95 1.2904091448
2.0 1.33971833969
0.0 0.0