0 0.0
0.05 0.00950463659122
0.1 0.0300068183087
0.15 0.0935834667974
0.2 0.0935834970772
0.25 0.0973290718225
0.3 0.0973291746676
0.35 0.10501544766
0.4 0.116100065196
0.45 0.148966278548
0.5 0.227706118112
0.55 0.328691542705
0.6 0.389700110605
0.65 0.47941397172
0.7 0.541764283265
0.75 0.653907604892
0.8 0.883037277087
0.85 0.942169126899
0.9 0.975721675534
0.95 1.00899844782
1.0 1.0109204201
1.05 1.2180212478
1.1 1.2551224301
1.15 1.29881109427
1.2 1.47878868619
1.25 1.51290144386
1.3 1.513217969
1.35 1.59284737337
1.4 1.59284835224
1.45 1.79301553697
1.5 1.79301577023
1.55 1.79301579734
1.6 1.80557721177
1.65 1.80724615776
1.7 1.80836601786
1.75 2.00221417995
1.8 2.02911399427
1.85 2.04922229439
1.9 2.10951665363
1.95 2.20392666838
2.0 2.24518042724
0.0 0.0