0 0.0
0.05 2.1488254066e-10
0.1 4.81479038015e-10
0.15 8.2369575084e-10
0.2 1.28217637415e-09
0.25 1.93210345078e-09
0.3 2.92627142506e-09
0.35 4.62985623082e-09
0.4 8.16013818289e-09
0.45 1.97279234137e-08
0.5 0.0111720880973
0.55 0.0378649590447
0.6 0.140770426959
0.65 0.146906664949
0.7 0.152921291322
0.75 0.173148306232
0.8 0.173148387304
0.85 0.178370700455
0.9 0.178370724673
0.95 0.238268011054
1.0 0.249816751968
1.05 0.322350661326
1.1 0.322350830701
1.15 0.331571197168
1.2 0.417618009901
1.25 0.420296827909
1.3 0.465111073024
1.35 0.472263944821
1.4 0.472264131441
1.45 0.472264179752
1.5 0.500674806669
1.55 0.659307092633
1.6 0.676335747583
1.65 0.692445371425
1.7 0.835873782781
1.75 0.866714353307
1.8 1.0686888731
1.85 1.1255947785
1.9 1.19279335793
1.95 1.2317327771
2.0 1.2317328934
0.0 0.0