0 0.0
0.05 1.24134579737e-10
0.1 2.37198682938e-10
0.15 3.41891057712e-10
0.2 4.39167985549e-10
0.25 5.32346650547e-10
0.3 6.23023251735e-10
0.35 7.12557174913e-10
0.4 8.02232698831e-10
0.45 8.93326087859e-10
0.5 9.87167324896e-10
0.55 1.08515546709e-09
0.6 1.1888368881e-09
0.65 1.29996484237e-09
0.7 1.42056132483e-09
0.75 1.55298037513e-09
0.8 1.69997417243e-09
0.85 1.86477204542e-09
0.9 2.05121932058e-09
0.95 2.26428259485e-09
1.0 2.51067082434e-09
1.05 2.80030251466e-09
1.1 3.15058652509e-09
1.15 3.59368144292e-09
1.2 4.18959813016e-09
1.25 5.06474310413e-09
1.3 6.80674910336e-09
1.35 1.38234358997e-08
1.4 1.74608716991e-08
1.45 0.164110073559
1.5 0.315396650547
1.55 0.361457071422
1.6 0.364419616342
1.65 0.364419701811
1.7 0.364787273488
1.75 0.365396855428
1.8 0.365397123588
1.85 0.461401720089
1.9 0.524174270567
1.95 0.544310595544
2.0 0.555038393522
-0.321016449316 -0.321016449316