0 0.0
0.05 1.21003669793e-10
0.1 2.29039398275e-10
0.15 3.27061878315e-10
0.2 4.17380564941e-10
0.25 5.01852350686e-10
0.3 5.82011649809e-10
0.35 6.59190639879e-10
0.4 7.3456982266e-10
0.45 8.0922597621e-10
0.5 8.84188281435e-10
0.55 9.6048299906e-10
0.6 1.03917106416e-09
0.65 1.12138326852e-09
0.7 1.20835082057e-09
0.75 1.30142454543e-09
0.8 1.40206270526e-09
0.85 1.51173583995e-09
0.9 1.63161659994e-09
0.95 1.7616982188e-09
1.0 2.0060283174e-09
1.05 2.38858686812e-09
1.1 2.97628586051e-09
1.15 3.9781231079e-09
1.2 5.98377104395e-09
1.25 1.07091423444e-08
1.3 2.71218973782e-07
1.35 0.0156567455645
1.4 0.0245336013048
1.45 0.0730160873048
1.5 0.0933530229911
1.55 0.0933530306397
1.6 0.0992728944795
1.65 0.0992737261816
1.7 0.0992737563374
1.75 0.0992737562437
1.8 0.0992742998419
1.85 0.172450903355
1.9 0.177047212786
1.95 0.183543930645
2.0 0.252004782412
0.0 0.0