0 0.0
0.05 4.24871249294e-11
0.1 8.4362072883e-11
0.15 -2.57029086903e-09
0.2 1.69484537516e-10
0.25 2.1116375315e-10
0.3 2.54858467663e-10
0.35 2.96483837481e-10
0.4 3.38796435351e-10
0.45 3.82027853796e-10
0.5 4.2572934067e-10
0.55 4.701394829e-10
0.6 5.14900233561e-10
0.65 5.59835067193e-10
0.7 6.04900574075e-10
0.75 6.49938547426e-10
0.8 6.9440386774e-10
0.85 7.38350824925e-10
0.9 7.80986053606e-10
0.95 8.22556911473e-10
1.0 8.62409144098e-10
1.05 9.00400976001e-10
1.1 9.36067001689e-10
1.15 9.69291980013e-10
1.2 9.9951835697e-10
1.25 1.0767048364e-09
1.3 1.04806363588e-09
1.35 1.06842279468e-09
1.4 8.71763250476e-08
1.45 8.78029142726e-08
1.5 8.76386179183e-08
1.55 8.67912147706e-08
1.6 8.52150144892e-08
1.65 8.2864228812e-08
1.7 7.96919742418e-08
1.75 7.5648859954e-08
1.8 7.25065509855e-08
1.85 7.57545213226e-08
1.9 7.90048302335e-08
1.95 8.22665195965e-08
2.0 8.5549198503e-08
0.935714547518 0.935714547518