0 0.0
0.05 2.64738005344e-10
0.1 4.82780745081e-10
0.15 6.66952885234e-10
0.2 8.26000847537e-10
0.25 9.66119424694e-10
0.3 1.09184602533e-09
0.35 1.20661170228e-09
0.4 1.31309385407e-09
0.45 1.41345163105e-09
0.5 1.509488726e-09
0.55 1.60277154946e-09
0.6 1.69472139917e-09
0.65 1.7866289037e-09
0.7 1.87977755925e-09
0.75 1.97557430097e-09
0.8 2.07554592904e-09
0.85 2.18142524286e-09
0.9 2.29527659082e-09
0.95 2.41964396605e-09
1.0 2.55777157116e-09
1.05 2.71393655228e-09
1.1 2.89360681387e-09
1.15 3.10495064133e-09
1.2 3.3600143551e-09
1.25 3.69069424452e-09
1.3 4.12821395109e-09
1.35 4.68612435896e-09
1.4 5.72367507693e-09
1.45 3.0422526426e-09
1.5 1.03675852845e-08
1.55 2.86948747001e-08
1.6 5.95162990732e-09
1.65 0.004990626624
1.7 0.00499092263275
1.75 0.0182082778594
1.8 0.0182084708618
1.85 0.0407659474483
1.9 0.0462016743444
1.95 0.170425858105
2.0 0.329465606442
0.0 0.0