0 0.0
0.05 -8.21724073976e-10
0.1 9.25943689473e-10
0.15 5.22565259888e-11
0.2 6.9780673237e-11
0.25 6.19576634074e-09
0.3 1.00221533364e-10
0.35 1.25028838993e-10
0.4 1.15590142993e-08
0.45 1.59449542258e-10
0.5 1.80329787605e-10
0.55 1.9641432465e-10
0.6 2.15434331802e-10
0.65 2.34496940502e-10
0.7 2.28414956053e-08
0.75 2.7382242082e-10
0.8 2.93975604378e-10
0.85 3.14572998713e-10
0.9 3.36611713798e-10
0.95 3.59913129328e-10
1.0 3.83931477243e-10
1.05 4.09299184194e-10
1.1 4.34483893484e-10
1.15 4.60901723938e-10
1.2 4.88360745979e-10
1.25 5.16413964403e-10
1.3 5.45505472461e-10
1.35 5.75480327789e-10
1.4 6.06384359932e-10
1.45 6.38399478184e-10
1.5 6.71157408363e-10
1.55 7.05111595452e-10
1.6 7.40057739614e-10
1.65 7.75996627174e-10
1.7 8.12821387623e-10
1.75 8.50640687004e-10
1.8 8.89429318486e-10
1.85 9.29147226745e-10
1.9 9.6980197189e-10
1.95 1.01136663102e-09
2.0 1.05379365664e-09
0.0 0.0