0 0.0
0.05 3.43196060483e-09
0.1 4.7369403458e-09
0.15 5.52725336208e-09
0.2 6.10781813962e-09
0.25 6.52536021949e-09
0.3 6.84375779408e-09
0.35 7.09749693973e-09
0.4 7.30642340454e-09
0.45 7.48364735241e-09
0.5 7.6376071097e-09
0.55 7.77418447381e-09
0.6 7.89765733847e-09
0.65 8.01106459234e-09
0.7 8.11715780271e-09
0.75 8.2181137807e-09
0.8 8.31569305912e-09
0.85 8.41146538586e-09
0.9 8.50690589444e-09
0.95 8.60342133958e-09
1.0 8.70249865902e-09
1.05 8.80576357e-09
1.1 8.91506447531e-09
1.15 9.03259036679e-09
1.2 9.16102955446e-09
1.25 9.30379141233e-09
1.3 9.46532669884e-09
1.35 9.65159941198e-09
1.4 9.87079382111e-09
1.45 1.0134380641e-08
1.5 1.14743092775e-08
1.55 1.5211603264e-08
1.6 1.13025526031e-08
1.65 1.356950644e-08
1.7 1.03468194696e-08
1.75 1.33163872044e-08
1.8 1.68481423242e-08
1.85 2.75761644759e-08
1.9 1.74956796672e-07
1.95 0.0293817106869
2.0 0.14047243232
0.0 0.0