0 0.0
0.05 1.87119209016e-11
0.1 4.03843625207e-11
0.15 -5.52139545196e-08
0.2 9.03113139827e-11
0.25 1.18648424419e-10
0.3 1.48958179125e-10
0.35 1.80913506398e-10
0.4 2.14286588474e-10
0.45 2.48928211377e-10
0.5 2.84515522253e-10
0.55 3.20848680957e-10
0.6 3.57523122219e-10
0.65 3.94478893995e-10
0.7 4.31308988524e-10
0.75 4.67781147151e-10
0.8 5.03698860399e-10
0.85 5.38754818535e-10
0.9 5.72750513683e-10
0.95 6.05356653693e-10
1.0 6.36493080464e-10
1.05 4.97116703357e-09
1.1 7.85825182703e-09
1.15 1.05902664416e-08
1.2 1.31278072857e-08
1.25 1.54267845165e-08
1.3 1.74377199347e-08
1.35 1.91025659735e-08
1.4 2.03585446279e-08
1.45 2.11378570203e-08
1.5 2.13624664624e-08
1.55 2.09449839694e-08
1.6 1.97905656307e-08
1.65 1.77835959292e-08
1.7 1.47871868084e-08
1.75 1.54189441215e-08
1.8 1.59486903684e-08
1.85 1.62173456886e-08
1.9 1.66007392277e-08
1.95 1.69429241748e-08
2.0 1.72411527277e-08
1.15779800461 1.15779800461