0 0.0
0.05 0.0213894059308
0.1 0.039631892345
0.15 0.125055121731
0.2 0.159881866095
0.25 0.165801718677
0.3 0.201044207616
0.35 0.24405318444
0.4 0.514519047683
0.45 0.532156377616
0.5 0.532296518207
0.55 0.532826089106
0.6 0.645790729234
0.65 0.703820440149
0.7 0.725560436259
0.75 0.725560573734
0.8 0.738932536907
0.85 0.786898852528
0.9 0.786898978166
0.95 0.802858788938
1.0 0.868570628076
1.05 0.887765220909
1.1 0.902541834713
1.15 0.924387683267
1.2 0.985717437843
1.25 0.998566619844
1.3 1.04895122415
1.35 1.09064403526
1.4 1.19515756674
1.45 1.34543642492
1.5 1.34543649046
1.55 1.39495530161
1.6 1.41904321904
1.65 1.41904326632
1.7 1.42546920634
1.75 1.45894885905
1.8 1.58556089366
1.85 1.64581025037
1.9 1.6589712078
1.95 1.80702440373
2.0 1.86000311901
0.0 0.0