0 0.0
0.05 4.30778746008e-11
0.1 1.54285101361e-08
0.15 1.27929222771e-10
0.2 1.72630243434e-10
0.25 2.18942641794e-10
0.3 2.67538546872e-10
0.35 3.17398884953e-10
0.4 3.67984531735e-10
0.45 4.19021373155e-10
0.5 4.70338767933e-10
0.55 5.21325094205e-10
0.6 5.72224934103e-10
0.65 6.22327300803e-10
0.7 6.71809829988e-10
0.75 7.19891701806e-10
0.8 7.66726349077e-10
0.85 8.11918310362e-10
0.9 8.55193360572e-10
0.95 8.96180574195e-10
1.0 9.34792576679e-10
1.05 9.7052721415e-10
1.1 1.00311658979e-09
1.15 1.03269315321e-09
1.2 1.05964970132e-09
1.25 1.08082232053e-09
1.3 1.16836563202e-07
1.35 1.18155247364e-07
1.4 1.18965304829e-07
1.45 1.19220399331e-07
1.5 1.18869981525e-07
1.55 1.1786003995e-07
1.6 1.16020412722e-07
1.65 1.13308686434e-07
1.7 1.09796952308e-07
1.75 1.05417532148e-07
1.8 1.00098641265e-07
1.85 9.37655052491e-08
1.9 8.73964252079e-08
1.95 7.99165374987e-08
2.0 7.10511418589e-08
-0.913913687283 -0.913913687283