0 0.0
0.05 0.0110163815234
0.1 0.0548876696526
0.15 0.105169558545
0.2 0.105169564974
0.25 0.105169565209
0.3 0.105169565436
0.35 0.105169565596
0.4 0.105169565706
0.45 0.105169565783
0.5 0.105169565837
0.55 0.105169565865
0.6 0.105169565883
0.65 0.105169565897
0.7 0.10516956591
0.75 0.105169565922
0.8 0.105169565933
0.85 0.105169565943
0.9 0.105169565952
0.95 0.105169565961
1.0 0.105169565971
1.05 0.105169565971
1.1 0.105169565982
1.15 0.105169565996
1.2 0.105169566011
1.25 0.105169566025
1.3 0.105169566039
1.35 0.105169566053
1.4 0.105169566069
1.45 0.10516956609
1.5 0.105169566127
1.55 0.105169566176
1.6 0.105169566207
1.65 0.105169566934
1.7 0.10516956745
1.75 0.105169567875
1.8 0.105169568423
1.85 0.105169569237
1.9 0.105169570527
1.95 0.105169572526
2.0 0.105169576017
0.0 0.0