0 0.0
0.05 2.51369083402e-11
0.1 -3.13902445611e-08
0.15 -2.89779155942e-08
0.2 -2.66151954742e-08
0.25 -2.43004180729e-08
0.3 1.43680904308e-10
0.35 -1.98056088162e-08
0.4 1.87708848589e-10
0.45 -1.54752197701e-08
0.5 2.30409024071e-10
0.55 2.50478690327e-10
0.6 2.72168918278e-10
0.65 -7.16725366514e-09
0.7 -5.13702356569e-09
0.75 3.32805155442e-10
0.8 -1.09796585426e-09
0.85 9.21464217024e-10
0.9 3.9483884979e-10
0.95 4.13836987534e-10
1.0 7.04571670465e-09
1.05 4.55236011585e-10
1.1 4.76465141851e-10
1.15 1.33900863744e-08
1.2 5.20568376976e-10
1.25 5.42162444095e-10
1.3 5.65602386877e-10
1.35 5.88984912327e-10
1.4 6.12880977395e-10
1.45 6.38044897641e-10
1.5 6.71539723021e-10
1.55 6.90571821803e-10
1.6 7.18150274549e-10
1.65 7.5636412218e-10
1.7 7.76047101755e-10
1.75 8.13689826047e-10
1.8 4.73776807372e-08
1.85 8.70132167941e-10
1.9 9.04779712312e-10
1.95 9.39102645611e-10
2.0 9.72945126904e-10
0.0 0.0