0 0.0
0.05 9.94868204232e-11
0.1 1.92474845982e-10
0.15 2.80803791697e-10
0.2 3.66030482931e-10
0.25 4.49530982261e-10
0.3 5.32580506504e-10
0.35 6.16421075355e-10
0.4 7.02320658625e-10
0.45 7.91642434585e-10
0.5 8.85931569117e-10
0.55 9.86998980832e-10
0.6 1.09705424937e-09
0.65 1.21888852696e-09
0.7 1.35683949988e-09
0.75 1.51570655812e-09
0.8 1.70226263242e-09
0.85 1.92669794751e-09
0.9 2.2045374896e-09
0.95 2.56929566994e-09
1.0 3.06544974235e-09
1.05 3.78221990552e-09
1.1 4.91941873855e-09
1.15 7.00225603178e-09
1.2 1.26515098267e-08
1.25 1.33715166973e-08
1.3 0.0338105210428
1.35 0.220415644154
1.4 0.224763075399
1.45 0.336545994326
1.5 0.339706259846
1.55 0.384630905604
1.6 0.416449794401
1.65 0.450845034072
1.7 0.607197908732
1.75 0.767855115166
1.8 0.948579916438
1.85 1.05398763279
1.9 1.08911637232
1.95 1.08911834184
2.0 1.11589823788
0.0 0.0