0 0.0
0.05 5.53575928374e-10
0.1 2.3672036237e-09
0.15 3.72352674617e-09
0.2 4.71175283269e-09
0.25 5.45604120583e-09
0.3 6.03657838524e-09
0.35 6.50351102755e-09
0.4 6.88917474212e-09
0.45 7.21521596559e-09
0.5 7.49664857157e-09
0.55 7.74422869233e-09
0.6 7.96589905912e-09
0.65 8.16769902599e-09
0.7 8.35435825625e-09
0.75 8.52969807784e-09
0.8 8.69691260532e-09
0.85 8.85877453834e-09
0.9 9.01779407456e-09
0.95 9.17635071945e-09
1.0 9.33681244977e-09
1.05 9.50165507599e-09
1.1 9.67359489957e-09
1.15 9.85575063106e-09
1.2 1.00518573431e-08
1.25 1.0267811031e-08
1.3 1.05118809984e-08
1.35 1.07906206075e-08
1.4 1.11088306857e-08
1.45 1.14983461166e-08
1.5 1.27936316562e-08
1.55 1.36636134613e-08
1.6 1.47572218573e-08
1.65 1.48839356187e-08
1.7 2.01176045124e-08
1.75 3.13998423694e-08
1.8 2.65422902577e-08
1.85 2.18941578199e-08
1.9 6.05375934352e-08
1.95 0.0183423489239
2.0 0.0339687633286
0.0 0.0