0 0.0
0.05 8.41438724253e-08
0.1 0.0207218568213
0.15 0.0243327597961
0.2 0.0348797913781
0.25 0.0377702500313
0.3 0.0649506369192
0.35 0.099696301944
0.4 0.0996974839988
0.45 0.114748656885
0.5 0.170393742778
0.55 0.170393870175
0.6 0.172467622685
0.65 0.174156090418
0.7 0.178805601463
0.75 0.193788905168
0.8 0.233646588728
0.85 0.30635052533
0.9 0.339593604829
0.95 0.357062473417
1.0 0.362688380702
1.05 0.431858335145
1.1 0.43346785785
1.15 0.437605304852
1.2 0.437605370968
1.25 0.437719467264
1.3 0.437719472028
1.35 0.472458830781
1.4 0.481364532246
1.45 0.512017786329
1.5 0.529194656165
1.55 0.529194746679
1.6 0.534383348467
1.65 0.606098447861
1.7 0.625573024051
1.75 0.650813342339
1.8 0.692341578684
1.85 0.710200530895
1.9 0.739204123535
1.95 0.779728930334
2.0 0.779729026753
0.0 0.0