0 0.0
0.05 3.16362929286e-10
0.1 7.43684467768e-10
0.15 1.35612739294e-09
0.2 2.3091683845e-09
0.25 3.98622524279e-09
0.3 7.58939957691e-09
0.35 1.9116972424e-08
0.4 1.58154161248e-07
0.45 0.0126218154459
0.5 0.0619453283543
0.55 0.0683399750642
0.6 0.129660893323
0.65 0.160363269806
0.7 0.160363282801
0.75 0.22851250868
0.8 0.248680902813
0.85 0.273508263075
0.9 0.322800912877
0.95 0.369309936244
1.0 0.369309923911
1.05 0.36930996516
1.1 0.369309960668
1.15 0.370826233721
1.2 0.370963639649
1.25 0.372221004266
1.3 0.372352951665
1.35 0.431733398153
1.4 0.531732724557
1.45 0.684025626251
1.5 0.696590440429
1.55 0.696590522695
1.6 0.805952214299
1.65 0.827221064238
1.7 0.844015601827
1.75 0.920725500381
1.8 0.920725691289
1.85 0.920725722339
1.9 0.986536445542
1.95 1.05400117904
2.0 1.13429630429
0.0 0.0