0 0.0
0.05 1.92977295831e-10
0.1 4.295015286e-10
0.15 7.29495074299e-10
0.2 1.12630190763e-09
0.25 1.68009503625e-09
0.3 2.51341475066e-09
0.35 3.92126841927e-09
0.4 6.83977751307e-09
0.45 1.66358106703e-08
0.5 9.92621056326e-09
0.55 0.016225103019
0.6 0.120327870897
0.65 0.141898960076
0.7 0.193660922048
0.75 0.193661210391
0.8 0.244578178086
0.85 0.289348656934
0.9 0.348203483742
0.95 0.417886999462
1.0 0.554684989027
1.05 0.580507893651
1.1 0.580507868362
1.15 0.580508305078
1.2 0.589440841026
1.25 0.589440801277
1.3 0.589440868486
1.35 0.628827576579
1.4 0.63923959748
1.45 0.639239700708
1.5 0.653836074689
1.55 0.667947885208
1.6 0.701629313384
1.65 0.709888421609
1.7 0.709890013376
1.75 0.740190354345
1.8 0.761126136085
1.85 0.813579914187
1.9 0.820337428456
1.95 0.931600459929
2.0 1.03022197106
0.0 0.0