0 0.0
0.05 8.55793475835e-11
0.1 1.74680686108e-10
0.15 2.68653429239e-10
0.2 3.69753768576e-10
0.25 4.79410766623e-10
0.3 5.99241589959e-10
0.35 7.32621374012e-10
0.4 8.83339458275e-10
0.45 1.05645739781e-09
0.5 1.25891926978e-09
0.55 1.50053372053e-09
0.6 1.79561492509e-09
0.65 2.16581175291e-09
0.7 2.64498006243e-09
0.75 3.28591046027e-09
0.8 4.14736617838e-09
0.85 4.89987107295e-09
0.9 1.3847167451e-09
0.95 0.0309933923162
1.0 0.049357377854
1.05 0.0733417641748
1.1 0.0774843807622
1.15 0.104319033554
1.2 0.111631518888
1.25 0.111631588848
1.3 0.111631593403
1.35 0.115946684791
1.4 0.115947188354
1.45 0.165203882008
1.5 0.207598353184
1.55 0.275130485638
1.6 0.386155086301
1.65 0.386155175332
1.7 0.40888498893
1.75 0.552380289318
1.8 0.552380376363
1.85 0.603442596745
1.9 0.605345004966
1.95 0.751873875308
2.0 0.751891447405
0.0 0.0