0 0.0
0.05 0.0171736000115
0.1 0.0374833617603
0.15 0.0830893616027
0.2 0.0832806789844
0.25 0.0979252654218
0.3 0.236828272197
0.35 0.259053501944
0.4 0.621030627974
0.45 0.621030999681
0.5 0.621031000803
0.55 0.621031000636
0.6 0.621031000906
0.65 0.621031001098
0.7 0.621031001223
0.75 0.621031001494
0.8 0.621031001766
0.85 0.621031001881
0.9 0.621031001936
0.95 0.621031001964
1.0 0.621031001979
1.05 0.621031001985
1.1 0.621031001987
1.15 0.621031001993
1.2 0.621031002
1.25 0.621031002006
1.3 0.621031002011
1.35 0.621031001674
1.4 0.621031002038
1.45 0.621031002059
1.5 0.6210310021
1.55 0.621031002122
1.6 0.621031002138
1.65 0.621031002207
1.7 0.621031002268
1.75 0.621031002284
1.8 0.621031002337
1.85 0.621031002415
1.9 0.621031002482
1.95 0.621031002557
2.0 0.621031002656
0.0 0.0