0 0.0
0.05 1.7995721413e-08
0.1 0.030415524391
0.15 0.0304155956299
0.2 0.0320268932792
0.25 0.0360439834632
0.3 0.0872247991288
0.35 0.170641280249
0.4 0.222823337283
0.45 0.287562269688
0.5 0.351065150145
0.55 0.396161126169
0.6 0.396161130819
0.65 0.396161131031
0.7 0.396161131136
0.75 0.39616113122
0.8 0.396161131282
0.85 0.396161131323
0.9 0.396161131348
0.95 0.396161131355
1.0 0.396161131368
1.05 0.396161131381
1.1 0.396161131374
1.15 0.396161131384
1.2 0.396161131419
1.25 0.396161131456
1.3 0.396161131498
1.35 0.396161131541
1.4 0.396161131586
1.45 0.396161131645
1.5 0.396161131752
1.55 0.396161131628
1.6 0.396161131669
1.65 0.396161131738
1.7 0.396161131798
1.75 0.39616113185
1.8 0.3961611319
1.85 0.396161131954
1.9 0.396161132017
1.95 0.396161132094
2.0 0.396161132188
0.0 0.0