0 0.0
0.05 6.76619772391e-08
0.1 6.90920924291e-08
0.15 7.03539279898e-08
0.2 7.14493444381e-08
0.25 7.25984833781e-08
0.3 7.55791073665e-08
0.35 7.86328114836e-08
0.4 8.17658768003e-08
0.45 8.50464635386e-08
0.5 8.84069090078e-08
0.55 9.18440982574e-08
0.6 9.53534770008e-08
0.65 9.8928806378e-08
0.7 1.0256182048e-07
0.75 1.06242062792e-07
0.8 1.09956240007e-07
0.85 1.13687920846e-07
0.9 1.17416803575e-07
0.95 1.21118065616e-07
1.0 1.24761221696e-07
1.05 1.28308869161e-07
1.1 1.31714876542e-07
1.15 1.34921789697e-07
1.2 1.37857229418e-07
1.25 1.40428288135e-07
1.3 1.42513043001e-07
1.35 1.43946771516e-07
1.4 1.44498784935e-07
1.45 1.44633653583e-07
1.5 1.51978798594e-07
1.55 1.59683651537e-07
1.6 1.67763064487e-07
1.65 1.76232173197e-07
1.7 1.85106065556e-07
1.75 1.94399833289e-07
1.8 2.04128354142e-07
1.85 2.17361835533e-07
1.9 1.71632659317e-09
1.95 1.7661948526e-09
2.0 1.71841851008e-09
0.0 0.0