0 0.0
0.05 1.72434546588e-11
0.1 1.15075314357e-08
0.15 1.34002655279e-08
0.2 7.41136921278e-11
0.25 9.50906792202e-11
0.3 1.15580142966e-10
0.35 1.37569096794e-10
0.4 1.60361778818e-10
0.45 1.83985898493e-10
0.5 2.08546542131e-10
0.55 2.33942654161e-10
0.6 2.60297528495e-10
0.65 2.87620281633e-10
0.7 3.1571920684e-10
0.75 3.44766170875e-10
0.8 3.74723768442e-10
0.85 4.05532934716e-10
0.9 4.37153152807e-10
0.95 4.69464420926e-10
1.0 5.02717767646e-10
1.05 5.3018506927e-10
1.1 5.52153555983e-10
1.15 5.74199453412e-10
1.2 5.95828428662e-10
1.25 6.17568472901e-10
1.3 6.39048842555e-10
1.35 6.60429306836e-10
1.4 6.81759321893e-10
1.45 7.02907233973e-10
1.5 7.23883657552e-10
1.55 7.44681037885e-10
1.6 7.65257442738e-10
1.65 7.85661634685e-10
1.7 8.06174418015e-10
1.75 8.25867045804e-10
1.8 8.45761380941e-10
1.85 8.65275322809e-10
1.9 8.86347795598e-10
1.95 9.83359132199e-08
2.0 9.24061634394e-10
0.0 0.0