0 0.0
0.05 1.23740446028e-10
0.1 2.61264790154e-10
0.15 4.16573400248e-10
0.2 5.94932088739e-10
0.25 8.03617001542e-10
0.3 1.05216166011e-09
0.35 1.35389484137e-09
0.4 1.72720235201e-09
0.45 2.1971031301e-09
0.5 2.80223293987e-09
0.55 4.50203988888e-09
0.6 8.53053361506e-09
0.65 0.00243935335893
0.7 0.0357111317977
0.75 0.239873374665
0.8 0.299186451807
0.85 0.301911845983
0.9 0.305023667669
0.95 0.332125606568
1.0 0.354164624249
1.05 0.439131766985
1.1 0.513594447073
1.15 0.519146756287
1.2 0.519680659312
1.25 0.589565294505
1.3 0.589565337013
1.35 0.592458507776
1.4 0.687597057318
1.45 0.765514669293
1.5 0.954513137005
1.55 1.02748625894
1.6 1.04633143306
1.65 1.11373666182
1.7 1.14318984021
1.75 1.23492589065
1.8 1.32505772086
1.85 1.41467359979
1.9 1.42381317826
1.95 1.51349899045
2.0 1.52049089728
0.0 0.0