0 0.0
0.05 -1.22025392438e-08
0.1 2.98012935172e-11
0.15 -9.19198958905e-09
0.2 -7.72556284325e-09
0.25 -6.28331183747e-09
0.3 -4.87025447278e-09
0.35 -3.4804941815e-09
0.4 8.67536143752e-11
0.45 -7.58402508606e-10
0.5 5.7635978388e-10
0.55 1.89511402154e-09
0.6 3.19892863871e-09
0.65 4.4887574554e-09
0.7 5.76550913443e-09
0.75 7.02995078146e-09
0.8 8.28276971733e-09
0.85 9.52453434457e-09
0.9 1.07556765932e-08
0.95 1.19765153507e-08
1.0 1.31872263824e-08
1.05 1.43878626134e-08
1.1 1.55782988572e-08
1.15 1.67583132811e-08
1.2 1.79275054381e-08
1.25 1.90853459613e-08
1.3 2.02311595448e-08
1.35 2.13641586272e-08
1.4 2.24834048621e-08
1.45 2.35878619838e-08
1.5 2.46763902756e-08
1.55 2.57477601896e-08
1.6 2.68006584627e-08
1.65 2.78337345912e-08
1.7 2.88456013449e-08
1.75 2.98348337271e-08
1.8 3.08000348068e-08
1.85 3.17397991448e-08
1.9 3.26527773045e-08
1.95 3.35376821231e-08
2.0 3.43932893901e-08
0.0 0.0