0 0.0
0.05 -9.58026480151e-09
0.1 -7.82709079869e-09
0.15 -6.11592235969e-09
0.2 -4.44260745142e-09
0.25 -2.80313876371e-09
0.3 -1.193640592e-09
0.35 3.89615714908e-10
0.4 1.9502472194e-09
0.45 3.49171352892e-09
0.5 5.01737945842e-09
0.55 6.53044923869e-09
0.6 8.03402452005e-09
0.65 9.53107988754e-09
0.7 2.2375963904e-10
0.75 1.25169381761e-08
0.8 1.40110812441e-08
0.85 1.5509381262e-08
0.9 1.7097271959e-08
0.95 1.87146878494e-08
1.0 2.03604779827e-08
1.05 2.20367850531e-08
1.1 2.37866202571e-08
1.15 2.55779498561e-08
1.2 2.74101751246e-08
1.25 2.92849904109e-08
1.3 3.12039313131e-08
1.35 3.31683871013e-08
1.4 3.51795055973e-08
1.45 3.72382528312e-08
1.5 5.08404043623e-10
1.55 4.15013264513e-08
1.6 4.37064632883e-08
1.65 4.59608143622e-08
1.7 4.82642281362e-08
1.75 5.06163255174e-08
1.8 5.30165451813e-08
1.85 5.54641287563e-08
1.9 5.79581532323e-08
1.95 6.0497561505e-08
2.0 6.30811523852e-08
0.0 0.0