0 0.0
0.05 1.60731345577e-11
0.1 -1.50265870822e-08
0.15 -1.32066138993e-08
0.2 -1.141882261e-08
0.25 -9.65958870342e-09
0.3 -7.92633230472e-09
0.35 -6.21635012872e-09
0.4 -4.52692932655e-09
0.45 -2.85532395461e-09
0.5 -1.19882006994e-09
0.55 4.45302349385e-10
0.6 2.07971781102e-09
0.65 3.70702872826e-09
0.7 5.32979499573e-09
0.75 6.95045476414e-09
0.8 8.5730103712e-09
0.85 1.01982379812e-08
0.9 1.18279041887e-08
0.95 1.34638525369e-08
1.0 1.51077464327e-08
1.05 1.67610389454e-08
1.1 1.84249682707e-08
1.15 2.01005233924e-08
1.2 2.17884373583e-08
1.25 2.34891656887e-08
1.3 2.52028863764e-08
1.35 2.69294391233e-08
1.4 2.86684054751e-08
1.45 3.04190096043e-08
1.5 3.21801786817e-08
1.55 3.3950535774e-08
1.6 3.57283751056e-08
1.65 3.75117407056e-08
1.7 3.92983730405e-08
1.75 4.10857895644e-08
1.8 4.287127071e-08
1.85 4.46518926098e-08
1.9 4.64340950498e-08
1.95 4.82130768321e-08
2.0 4.99775163191e-08
0.0 0.0