0 0.0
0.05 -5.58632394581e-08
0.1 7.51532883028e-11
0.15 -4.85717046673e-08
0.2 -4.51505046069e-08
0.25 -4.18820356306e-08
0.3 -3.87669853023e-08
0.35 -3.58048900416e-08
0.4 -3.29942289472e-08
0.45 -3.03325112033e-08
0.5 -2.78164377908e-08
0.55 -2.54419323545e-08
0.6 -2.32043515675e-08
0.65 -2.10985066699e-08
0.7 -1.91188305728e-08
0.75 -1.7259463941e-08
0.8 -1.55143434599e-08
0.85 -1.38773147663e-08
0.9 -1.23421860674e-08
0.95 -1.0902814571e-08
1.0 -9.5531719135e-09
1.05 -8.30195272628e-09
1.1 -7.1278927333e-09
1.15 -6.02153447085e-09
1.2 -4.97798760105e-09
1.25 -3.99268070549e-09
1.3 -3.06135809825e-09
1.35 -2.18007895075e-09
1.4 -1.34522799387e-09
1.45 -5.53504475355e-10
1.5 1.9806139927e-10
1.55 9.12140926586e-10
1.6 1.59108490783e-09
1.65 2.23692328232e-09
1.7 2.85137725153e-09
1.75 3.43585980732e-09
1.8 3.99146300581e-09
1.85 4.51896631405e-09
1.9 5.01880443986e-09
1.95 5.49112584772e-09
2.0 5.93570718874e-09
0.0 0.0