0 0.0
0.05 2.82793418133e-08
0.1 2.99433956854e-08
0.15 3.16126346641e-08
0.2 7.1161043045e-11
0.25 3.49654307076e-08
0.3 3.66480946899e-08
0.35 3.8334198819e-08
0.4 1.33572359459e-10
0.45 4.17140961512e-08
0.5 4.34064502397e-08
0.55 4.509938331e-08
0.6 4.72478925453e-08
0.65 4.95014158734e-08
0.7 4.32290324698e-10
0.75 5.41508852566e-08
0.8 3.00102261958e-10
0.85 5.89905255829e-08
0.9 6.14815957254e-08
0.95 6.40201055853e-08
1.0 6.66059698784e-08
1.05 6.92396440685e-08
1.1 7.19462976267e-08
1.15 7.47029188774e-08
1.2 7.75096100391e-08
1.25 8.03665430078e-08
1.3 8.32739445093e-08
1.35 6.409274868e-10
1.4 6.27211011218e-10
1.45 6.56759702185e-10
1.5 9.54149381673e-08
1.55 9.85804190591e-08
1.6 1.01799290239e-07
1.65 1.05072408106e-07
1.7 1.08400789874e-07
1.75 8.95909329154e-10
1.8 8.86478242688e-10
1.85 9.20998864428e-10
1.9 1.22292466821e-07
1.95 1.07716353894e-09
2.0 1.03038375383e-09
0.0 0.0