0 0.0
0.05 8.87667142558e-11
0.1 1.81867221852e-10
0.15 2.8100871922e-10
0.2 3.88215833159e-10
0.25 5.06697640399e-10
0.3 6.40172209088e-10
0.35 7.92593169398e-10
0.4 9.702117506e-10
0.45 1.18196950168e-09
0.5 1.44117009148e-09
0.55 1.76854644348e-09
0.6 2.19827484423e-09
0.65 2.79070333837e-09
0.7 3.66122298809e-09
0.75 5.36732323735e-09
0.8 1.18944683322e-08
0.85 1.82685679996e-07
0.9 0.0269534602851
0.95 0.106763077271
1.0 0.10676315435
1.05 0.121058117047
1.1 0.155550329693
1.15 0.163362480556
1.2 0.177704782346
1.25 0.280909575419
1.3 0.280909698621
1.35 0.437183759521
1.4 0.515261255475
1.45 0.515261315603
1.5 0.515261464243
1.55 0.631439840437
1.6 0.721705610991
1.65 0.75393198361
1.7 0.799993605995
1.75 0.809306259214
1.8 0.812213568019
1.85 0.868690425588
1.9 0.869488061821
1.95 0.871026933177
2.0 0.871026940962
0.0 0.0