0 0.0
0.05 1.60458213972e-10
0.1 3.27794930604e-10
0.15 4.95004638936e-10
0.2 6.33661525437e-10
0.25 1.01468223311e-09
0.3 1.96912158789e-09
0.35 3.28994821979e-09
0.4 5.7156548023e-09
0.45 4.72454732455e-08
0.5 0.0604949400002
0.55 0.0807815198256
0.6 0.142833828147
0.65 0.159803510711
0.7 0.167022726732
0.75 0.245187319421
0.8 0.25062040471
0.85 0.373813769586
0.9 0.407675828924
0.95 0.564880264144
1.0 0.731798250284
1.05 0.811275375223
1.1 0.880122596427
1.15 0.892284926961
1.2 0.90935605862
1.25 0.974326164596
1.3 0.991879695135
1.35 1.09434343718
1.4 1.24871245096
1.45 1.27425732184
1.5 1.29833834101
1.55 1.35440220266
1.6 1.41082505917
1.65 1.41082496221
1.7 1.59928734878
1.75 1.93223126251
1.8 2.0010928389
1.85 2.28409388838
1.9 2.34799385194
1.95 2.37011952236
2.0 2.49961630882
0.0 0.0