0 0.0
0.05 1.66783645732e-10
0.1 3.67583930277e-10
0.15 6.15817129123e-10
0.2 9.3244464399e-10
0.25 1.35209873507e-09
0.3 1.93682031853e-09
0.35 2.81039074728e-09
0.4 4.23670126973e-09
0.45 6.93967390448e-09
0.5 1.37723914026e-08
0.55 3.99815246981e-08
0.6 0.0179726978797
0.65 0.0558971182296
0.7 0.0890690648906
0.75 0.106326150151
0.8 0.106326182061
0.85 0.112277907847
0.9 0.11227794481
0.95 0.138032043725
1.0 0.159125616168
1.05 0.176152629642
1.1 0.176152668294
1.15 0.183442590504
1.2 0.206939619465
1.25 0.226250027987
1.3 0.257581121109
1.35 0.317376099646
1.4 0.350375175767
1.45 0.350375323025
1.5 0.358404378522
1.55 0.383874322105
1.6 0.422485609817
1.65 0.422485692725
1.7 0.449028578631
1.75 0.512400144635
1.8 0.512400193065
1.85 0.512969593394
1.9 0.691145575501
1.95 0.762702825427
2.0 0.851923435242
0.0 0.0