0 0.0
0.05 5.99315042038e-08
0.1 0.00259710564428
0.15 0.127296372301
0.2 0.162715399662
0.25 0.169806268245
0.3 0.232331724285
0.35 0.232617269147
0.4 0.232617287891
0.45 0.243745838955
0.5 0.415264541046
0.55 0.44519564243
0.6 0.550258406242
0.65 0.592108564049
0.7 0.592108590768
0.75 0.599822004889
0.8 0.640580843613
0.85 0.67141560873
0.9 0.685607179761
0.95 0.81188592591
1.0 0.811886393429
1.05 0.854024190283
1.1 0.889788910921
1.15 1.01265373001
1.2 1.10168367631
1.25 1.16195926035
1.3 1.16195929831
1.35 1.16552567476
1.4 1.17025039327
1.45 1.17276184203
1.5 1.17276184844
1.55 1.23157527975
1.6 1.32045405088
1.65 1.39755180485
1.7 1.42139952008
1.75 1.51657026776
1.8 1.51803447313
1.85 1.52569691141
1.9 1.52608756656
1.95 1.53413650634
2.0 1.65537571827
1.48923404977 1.48923404977