0 0.0
0.05 0.0071263665442
0.1 0.0451305207529
0.15 0.118849153731
0.2 0.17369082221
0.25 0.179669414613
0.3 0.179669445295
0.35 0.192857339126
0.4 0.256291322259
0.45 0.297138430868
0.5 0.297138444876
0.55 0.297138449736
0.6 0.297138452113
0.65 0.297138453524
0.7 0.297138454457
0.75 0.297138455125
0.8 0.297138455649
0.85 0.297138456062
0.9 0.297138456398
0.95 0.297138456682
1.0 0.297138456931
1.05 0.29713845715
1.1 0.297138457348
1.15 0.297138457534
1.2 0.297138457717
1.25 0.297138457997
1.3 0.29713845823
1.35 0.297138458225
1.4 0.297138458177
1.45 0.297138458317
1.5 0.29713845846
1.55 0.297138458589
1.6 0.297138458716
1.65 0.29713845878
1.7 0.297138459827
1.75 0.297138458297
1.8 0.297138458345
1.85 0.297138458383
1.9 0.297138458451
1.95 0.297138458548
2.0 0.297138458666
-1.29013547124 -1.29013547124