0 0.0
0.05 0.0233696894951
0.1 0.0233696959313
0.15 0.0233696986648
0.2 0.0233697002617
0.25 0.0233697013072
0.3 0.0233697020414
0.35 0.0233697025847
0.4 0.0233697029899
0.45 0.0233697033166
0.5 0.0233697035839
0.55 0.0233697038029
0.6 0.0233697039589
0.65 0.0233697040695
0.7 0.0233697040846
0.75 0.0233697040993
0.8 0.0233697041143
0.85 0.0233697041319
0.9 0.0233697041476
0.95 0.0233697041596
1.0 0.0233697041725
1.05 0.0233697041879
1.1 0.0233697042035
1.15 0.0233697042213
1.2 0.0233697042399
1.25 0.0233697042594
1.3 0.0233697042746
1.35 0.0233697043012
1.4 0.0233697043295
1.45 0.0233697046597
1.5 0.0233697047652
1.55 0.0233697048843
1.6 0.0233697051845
1.65 0.0233697054399
1.7 0.0233697100081
1.75 0.023369704717
1.8 0.0233697050202
1.85 0.0233697053267
1.9 0.0233697054459
1.95 0.0233697185257
2.0 0.0233697683516
0.0 0.0