0 0.0
0.05 1.75178508911e-10
0.1 3.26311417266e-10
0.15 4.59347340056e-10
0.2 5.78551426173e-10
0.25 6.87067613189e-10
0.3 7.87288592098e-10
0.35 8.81090118981e-10
0.4 9.69388150982e-10
0.45 1.05292426003e-09
0.5 1.13176019714e-09
0.55 1.20493020974e-09
0.6 1.26979098815e-09
0.65 1.32236711266e-09
0.7 1.40255386842e-09
0.75 1.49181667852e-09
0.8 1.57827001839e-09
0.85 1.67455327085e-09
0.9 1.82284869408e-09
0.95 1.99715209338e-09
1.0 2.19875469781e-09
1.05 2.50385213031e-09
1.1 2.86663604114e-09
1.15 3.3809564441e-09
1.2 4.30414515426e-09
1.25 4.30947910297e-09
1.3 3.85180673189e-09
1.35 6.78923414336e-09
1.4 4.94601109809e-09
1.45 3.95605563619e-08
1.5 4.40069390313e-08
1.55 0.00841266834214
1.6 0.0294215807229
1.65 0.0947718157992
1.7 0.185459857032
1.75 0.187139887479
1.8 0.246033879883
1.85 0.348935725337
1.9 0.348935761018
1.95 0.385748536249
2.0 0.406025140981
0.0 0.0