0 0.0
0.05 -3.20343086414e-08
0.1 -3.03088220656e-08
0.15 -2.86038492814e-08
0.2 -2.69343767652e-08
0.25 -2.52908150657e-08
0.3 -2.36668822641e-08
0.35 1.1727622518e-10
0.4 1.33195458185e-10
0.45 -1.89088454702e-08
0.5 -1.73589485669e-08
0.55 1.79669207606e-10
0.6 -1.43090560396e-08
0.65 2.09847052318e-10
0.7 -1.13248801181e-08
0.75 -9.85560550407e-09
0.8 -8.39778475573e-09
0.85 -6.95024308354e-09
0.9 -5.51173966835e-09
0.95 2.96008319568e-10
1.0 -2.65664611222e-09
1.05 -1.23737744147e-09
1.1 1.78206746911e-10
1.15 1.5915179852e-09
1.2 3.67765852603e-10
1.25 3.82127357022e-10
1.3 5.83181250467e-09
1.35 7.25003219022e-09
1.4 8.67292216799e-09
1.45 1.01017827202e-08
1.5 1.15379099955e-08
1.55 1.29824992126e-08
1.6 1.44367010672e-08
1.65 1.59016068325e-08
1.7 1.73782005058e-08
1.75 1.88673825363e-08
1.8 2.03699716832e-08
1.85 2.18866760864e-08
1.9 2.34180845881e-08
1.95 2.49646705037e-08
2.0 2.65268260854e-08
0.0 0.0