0 0.0
0.05 -9.09572713259e-08
0.1 -8.76344014578e-08
0.15 1.00207037113e-10
0.2 1.16343989998e-10
0.25 -7.76148926518e-08
0.3 -7.42665119402e-08
0.35 -7.09182268466e-08
0.4 -6.75727683808e-08
0.45 -6.42329425482e-08
0.5 -6.09016500008e-08
0.55 -5.75818464021e-08
0.6 -5.4276660888e-08
0.65 -5.09893145761e-08
0.7 -4.77232136586e-08
0.75 -4.44819330259e-08
0.8 -4.12693719198e-08
0.85 -3.80897065277e-08
0.9 -3.49476123318e-08
0.95 -3.18483320272e-08
1.0 -2.87979653735e-08
1.05 -2.58036912115e-08
1.1 -2.28742590702e-08
1.15 -2.00683812068e-08
1.2 -1.75475773356e-08
1.25 -1.49031625096e-08
1.3 -1.19849183078e-08
1.35 -9.13455269758e-09
1.4 -6.36808794585e-09
1.45 -3.6876227627e-09
1.5 -1.09511313906e-09
1.55 1.40757758227e-09
1.6 3.81868284216e-09
1.65 6.13655437576e-09
1.7 8.35967023383e-09
1.75 1.04866028083e-08
1.8 1.25174172416e-08
1.85 1.4454137276e-08
1.9 1.62918347424e-08
1.95 1.80292855367e-08
2.0 1.96655002005e-08
0.248306895929 0.248306895929