0 0.0
0.05 -2.14860474523e-08
0.1 -1.94876653644e-08
0.15 -1.75786100302e-08
0.2 -1.57274575306e-08
0.25 -1.39299559293e-08
0.3 -1.21819095233e-08
0.35 1.30993073912e-10
0.4 -8.81769893358e-09
0.45 -7.19347274088e-09
0.5 -5.60257027701e-09
0.55 -4.04116231948e-09
0.6 -2.50550399013e-09
0.65 -9.91942685065e-10
0.7 5.03082459867e-10
0.75 1.98301546179e-09
0.8 3.45121006153e-09
0.85 4.91089280962e-09
0.9 6.36517922455e-09
0.95 7.81705884545e-09
1.0 9.26939386323e-09
1.05 1.07248982758e-08
1.1 1.21861427276e-08
1.15 1.37197009019e-08
1.2 1.52812388539e-08
1.25 1.68688874598e-08
1.3 1.84847337228e-08
1.35 2.01307385577e-08
1.4 2.18086828605e-08
1.45 2.35201262937e-08
1.5 2.52664405477e-08
1.55 2.70487477577e-08
1.6 2.88679345703e-08
1.65 3.07246288233e-08
1.7 3.26191780977e-08
1.75 3.4551675343e-08
1.8 3.65219335028e-08
1.85 3.85295052032e-08
1.9 4.05737225959e-08
1.95 4.26536530154e-08
2.0 4.47682136083e-08
0.0 0.0