0 0.0
0.05 1.53729056941e-11
0.1 -2.9558700985e-08
0.15 4.80281244507e-11
0.2 6.36782310234e-11
0.25 8.13821390407e-11
0.3 9.81696828105e-11
0.35 1.15194191776e-10
0.4 1.32391515618e-10
0.45 1.49575689932e-10
0.5 1.66731922872e-10
0.55 1.83947398941e-10
0.6 2.01139077169e-10
0.65 2.1827332915e-10
0.7 2.35377134643e-10
0.75 2.52439765511e-10
0.8 2.69518124775e-10
0.85 2.86532162953e-10
0.9 3.03464229834e-10
0.95 3.20341450046e-10
1.0 3.37170434761e-10
1.05 3.54305562737e-10
1.1 3.71696108394e-10
1.15 3.8938015635e-10
1.2 4.0732650422e-10
1.25 4.2556509503e-10
1.3 4.4409332014e-10
1.35 4.62982058664e-10
1.4 4.82176139953e-10
1.45 5.01700823862e-10
1.5 5.21536364533e-10
1.55 5.41654584114e-10
1.6 5.62075838656e-10
1.65 5.82775841065e-10
1.7 6.0371516474e-10
1.75 6.24863553388e-10
1.8 6.46192061677e-10
1.85 6.6764043783e-10
1.9 6.89156217139e-10
1.95 7.10664400021e-10
2.0 7.32077163849e-10
0.0 0.0