0 0.0
0.05 2.31740346918e-10
0.1 4.30158328225e-10
0.15 6.03377537561e-10
0.2 7.57386058432e-10
0.25 8.97645060449e-10
0.3 1.02641309653e-09
0.35 1.14643254515e-09
0.4 1.26002492971e-09
0.45 1.36915715749e-09
0.5 1.47556243996e-09
0.55 1.58083572623e-09
0.6 1.68651497196e-09
0.65 1.79415375425e-09
0.7 1.90533581899e-09
0.75 2.02188213715e-09
0.8 2.14590410208e-09
0.85 2.27993528539e-09
0.9 2.42715800655e-09
0.95 2.59170105433e-09
1.0 2.77883164979e-09
1.05 2.99582791322e-09
1.1 3.25293134376e-09
1.15 3.56506736364e-09
1.2 3.95487026382e-09
1.25 4.45828491697e-09
1.3 5.13559547772e-09
1.35 6.09467171709e-09
1.4 7.54345375919e-09
1.45 9.9117567096e-09
1.5 1.40425603539e-08
1.55 2.29541268966e-08
1.6 1.17671005555e-08
1.65 0.00543764601477
1.7 0.00543772964496
1.75 0.019986444847
1.8 0.0557904999704
1.85 0.0572503438088
1.9 0.131705260955
1.95 0.15730045167
2.0 0.179027047504
0.0 0.0