0 0.0
0.05 -2.00120738893e-08
0.1 -1.82171862741e-08
0.15 -1.64943210498e-08
0.2 -1.48182937621e-08
0.25 -1.31870623223e-08
0.3 -1.15985750061e-08
0.35 -1.00508004018e-08
0.4 -8.5417428827e-09
0.45 -7.06941644154e-09
0.5 -5.63189876146e-09
0.55 -4.22728847012e-09
0.6 -2.85377330612e-09
0.65 -1.50957585863e-09
0.7 -1.93006652351e-10
0.75 1.09755042961e-09
0.8 2.3636196343e-09
0.85 3.60662130154e-09
0.9 4.82788534903e-09
0.95 6.02860642941e-09
1.0 7.20986362313e-09
1.05 8.37261868043e-09
1.1 9.51767601057e-09
1.15 1.06457018988e-08
1.2 1.1757212932e-08
1.25 1.28525480292e-08
1.3 1.39318978009e-08
1.35 1.49952623791e-08
1.4 1.60424821311e-08
1.45 1.70732091732e-08
1.5 1.80869068866e-08
1.55 1.90828445574e-08
1.6 2.00601340936e-08
1.65 2.10176775736e-08
1.7 2.1954220008e-08
1.75 2.28683114485e-08
1.8 2.37583475898e-08
1.85 2.46225638657e-08
1.9 2.54590504272e-08
1.95 2.62657610053e-08
2.0 2.70405439659e-08
0.0 0.0