0 0.0
0.05 1.62594099226e-10
0.1 3.04643602777e-10
0.15 4.31061810622e-10
0.2 5.45547467844e-10
0.25 6.509132846e-10
0.3 7.49082889962e-10
0.35 8.42184631246e-10
0.4 9.32067646807e-10
0.45 1.02009789468e-09
0.5 1.10754305024e-09
0.55 1.19563386679e-09
0.6 1.28562085197e-09
0.65 1.37883172402e-09
0.7 1.47673491683e-09
0.75 1.58101512145e-09
0.8 1.69366892379e-09
0.85 1.81713198558e-09
0.9 1.95445697305e-09
0.95 2.10958179991e-09
1.0 2.28779346996e-09
1.05 2.49673454001e-09
1.1 2.74921685739e-09
1.15 3.07195830393e-09
1.2 3.52906789154e-09
1.25 3.90838568008e-09
1.3 4.17483212578e-09
1.35 6.34793010007e-09
1.4 1.37689749027e-08
1.45 6.09804232806e-09
1.5 1.95590597734e-08
1.55 0.030744507363
1.6 0.103164431896
1.65 0.149376960537
1.7 0.21539852117
1.75 0.25362641015
1.8 0.303511784902
1.85 0.344615891193
1.9 0.429697692292
1.95 0.448315530293
2.0 0.552662462473
0.0 0.0