0 0.0
0.05 6.36983059217e-08
0.1 6.57549605224e-08
0.15 6.12765892699e-11
0.2 8.18808163096e-11
0.25 1.02170797111e-10
0.3 1.21341508411e-10
0.35 1.40898595777e-10
0.4 7.76720704664e-08
0.45 1.78955010075e-10
0.5 2.00785476453e-10
0.55 2.31070435199e-10
0.6 8.78948243624e-08
0.65 2.96680352066e-10
0.7 3.2868054261e-10
0.75 3.63519238234e-10
0.8 3.99163989243e-10
0.85 4.3449615745e-10
0.9 4.73616768853e-10
0.95 5.09539086578e-10
1.0 5.48293523636e-10
1.05 5.88011677361e-10
1.1 6.28602183361e-10
1.15 6.7019226557e-10
1.2 7.12615288334e-10
1.25 7.5601137648e-10
1.3 8.00329881247e-10
1.35 8.45594210258e-10
1.4 8.92298846362e-10
1.45 9.39949762967e-10
1.5 9.8851559697e-10
1.55 1.03793955508e-09
1.6 1.08830746798e-09
1.65 1.13437964392e-09
1.7 1.18020114998e-09
1.75 1.22576907058e-09
1.8 1.27070856328e-09
1.85 1.3146615382e-09
1.9 1.3572562909e-09
1.95 1.39798500373e-09
2.0 1.43625885105e-09
0.0 0.0