0 0.0
0.05 2.12364200431e-11
0.1 4.33598868857e-11
0.15 8.9347916742e-11
0.2 8.75001380175e-11
0.25 1.1361575621e-10
0.3 4.00348233039e-08
0.35 1.61108440132e-10
0.4 4.52093591915e-08
0.45 2.1462923614e-10
0.5 2.42930650456e-10
0.55 2.72063080619e-10
0.6 3.0243947769e-10
0.65 3.34193755527e-10
0.7 3.67066439417e-10
0.75 4.01306453161e-10
0.8 4.36761199337e-10
0.85 4.63669001523e-10
0.9 4.77930572554e-10
0.95 4.91298038347e-10
1.0 5.03985068877e-10
1.05 5.16183063687e-10
1.1 5.26775081273e-10
1.15 8.0137683277e-08
1.2 8.10659744934e-08
1.25 5.55939252818e-10
1.3 8.29438841509e-08
1.35 8.38176483867e-08
1.4 8.46420823019e-08
1.45 8.54183629213e-08
1.5 8.61478260651e-08
1.55 8.68318858562e-08
1.6 8.74720063317e-08
1.65 8.87295556493e-08
1.7 9.12567711567e-08
1.75 9.38307046811e-08
1.8 9.64510443784e-08
1.85 9.91171488524e-08
1.9 1.01828128075e-07
1.95 1.04582564228e-07
2.0 1.07378727626e-07
0.0 0.0