0 0.0
0.05 1.77078267104e-11
0.1 1.00038083532e-08
0.15 1.17927903058e-08
0.2 1.36034168094e-08
0.25 8.94157471356e-11
0.3 1.72977376298e-08
0.35 1.26843811456e-10
0.4 2.11019466242e-08
0.45 1.649108019e-10
0.5 2.50288875679e-08
0.55 2.07077174601e-10
0.6 2.27177675283e-10
0.65 2.46755288569e-10
0.7 -1.04542431433e-08
0.75 3.54423911006e-08
0.8 3.76324689512e-08
0.85 3.9858836259e-08
0.9 4.21213574088e-08
0.95 4.44197429515e-08
1.0 4.02478122462e-10
1.05 4.91222224433e-08
1.1 5.15251199948e-08
1.15 4.74305760672e-10
1.2 4.20114629135e-09
1.25 5.89316056781e-08
1.3 6.14636312687e-08
1.35 6.40258430937e-08
1.4 6.00715076178e-10
1.45 6.923748692e-08
1.5 7.18852519149e-08
1.55 7.45600320974e-08
1.6 7.7261336976e-08
1.65 7.99885991768e-08
1.7 7.65233328042e-10
1.75 8.55188221991e-08
1.8 8.83270897966e-08
1.85 9.1167420311e-08
1.9 9.40332231139e-08
1.95 9.69243722835e-08
2.0 9.98408171947e-08
0.0 0.0