0 0.0
0.05 1.37351803368e-11
0.1 2.86310708006e-11
0.15 6.07571752466e-09
0.2 5.80097189661e-11
0.25 7.30940982494e-11
0.3 8.83132018306e-11
0.35 1.04312865425e-10
0.4 1.36855630002e-08
0.45 1.3525864391e-10
0.5 1.51463988478e-10
0.55 1.67997111193e-10
0.6 1.8556975283e-10
0.65 2.0221293806e-10
0.7 2.2000862712e-10
0.75 2.3721365012e-10
0.8 2.55404064627e-10
0.85 2.73998141077e-10
0.9 2.9291490477e-10
0.95 3.12154366911e-10
1.0 3.31800787571e-10
1.05 3.51891005534e-10
1.1 3.72382706683e-10
1.15 3.93212825703e-10
1.2 4.14600517302e-10
1.25 4.36400330846e-10
1.3 4.58381197887e-10
1.35 4.80991032996e-10
1.4 5.04032779754e-10
1.45 5.27433908651e-10
1.5 5.51416803203e-10
1.55 5.75646701885e-10
1.6 6.00411271737e-10
1.65 6.25690817737e-10
1.7 6.51240948666e-10
1.75 6.7733472375e-10
1.8 7.03855521296e-10
1.85 7.30894014851e-10
1.9 7.5822551717e-10
1.95 7.86086336161e-10
2.0 8.14429061527e-10
0.0 0.0