0 0.0
0.05 -1.19430848604e-08
0.1 -9.89991637024e-09
0.15 6.0021882986e-11
0.2 -6.04688549629e-09
0.25 -4.22304677987e-09
0.3 -2.458989823e-09
0.35 -7.48708286405e-10
0.4 9.13418527505e-10
0.45 2.53264742063e-09
0.5 4.11383937174e-09
0.55 5.66148990817e-09
0.6 7.179723015e-09
0.65 8.67227675497e-09
0.7 1.01425082919e-08
0.75 1.15927550127e-08
0.8 1.30267687614e-08
0.85 1.44467827045e-08
0.9 1.58544758543e-08
0.95 1.72511286849e-08
1.0 1.8637589396e-08
1.05 2.00142607164e-08
1.1 2.13862810184e-08
1.15 2.28494305854e-08
1.2 2.43086296282e-08
1.25 2.5761618257e-08
1.3 2.7205700418e-08
1.35 2.8637748999e-08
1.4 3.00542830392e-08
1.45 3.14515334292e-08
1.5 3.28254882178e-08
1.55 3.41719960452e-08
1.6 3.54961441643e-08
1.65 3.68044656571e-08
1.7 3.80754259363e-08
1.75 3.93051143122e-08
1.8 4.04899021447e-08
1.85 4.16263698826e-08
1.9 4.27114305227e-08
1.95 4.37423159929e-08
2.0 4.4716572495e-08
0.0 0.0