0 0.0
0.05 8.93663781019e-11
0.1 1.85136567254e-10
0.15 2.89330441532e-10
0.2 4.04016240547e-10
0.25 5.32443437922e-10
0.3 6.78924860667e-10
0.35 8.48896976272e-10
0.4 1.05025094434e-09
0.45 1.29578256963e-09
0.5 1.60426358538e-09
0.55 2.00608983121e-09
0.6 2.55389848651e-09
0.65 3.34633359287e-09
0.7 4.59265152237e-09
0.75 6.826145233e-09
0.8 1.20001963037e-08
0.85 0.0126759992468
0.9 0.0402260392093
0.95 0.119124517309
1.0 0.119627984406
1.05 0.144886979754
1.1 0.144887888491
1.15 0.15026337591
1.2 0.150263472302
1.25 0.154953279205
1.3 0.160509364254
1.35 0.168847406092
1.4 0.248138020072
1.45 0.275487194025
1.5 0.356405241672
1.55 0.461477631562
1.6 0.548528515838
1.65 0.62612815766
1.7 0.691991117244
1.75 0.932411883536
1.8 0.981126863963
1.85 1.01110866777
1.9 1.03515579146
1.95 1.08444786768
2.0 1.11925604516
0.0 0.0