0 0.0
0.05 9.43782707553e-11
0.1 1.83167925526e-10
0.15 2.67750582637e-10
0.2 3.49783011182e-10
0.25 4.30758678969e-10
0.3 5.1150059654e-10
0.35 5.93043212764e-10
0.4 6.76419524508e-10
0.45 7.62697796873e-10
0.5 8.53018207408e-10
0.55 9.48629220033e-10
0.6 1.05092751029e-09
0.65 1.16150830972e-09
0.7 1.28226015018e-09
0.75 1.41560870196e-09
0.8 1.56520445978e-09
0.85 1.74984789058e-09
0.9 2.12065707357e-09
0.95 2.6538323888e-09
1.0 3.4832157977e-09
1.05 5.08128052597e-09
1.1 7.23969473805e-09
1.15 9.93465633421e-09
1.2 4.87045057576e-08
1.25 0.0644820288842
1.3 0.159086601541
1.35 0.366104949633
1.4 0.486631841059
1.45 0.613391358674
1.5 0.713609254954
1.55 0.776806166264
1.6 0.806905649112
1.65 0.807377637665
1.7 1.01888704325
1.75 1.07515466667
1.8 1.09446011286
1.85 1.11124399991
1.9 1.11124418197
1.95 1.12001212523
2.0 1.12049918177
0.0 0.0