0 0.0
0.05 -5.44157286245e-09
0.1 0.103971777166
0.15 0.113901198337
0.2 0.11390121792
0.25 0.113901219359
0.3 0.134832209667
0.35 0.134832293537
0.4 0.135675051269
0.45 0.254923154667
0.5 0.266403047106
0.55 0.279196815604
0.6 0.437443878596
0.65 0.496103311303
0.7 0.533214740165
0.75 0.631413003692
0.8 0.762335151166
0.85 0.762335249132
0.9 0.799361555365
0.95 0.823153356882
1.0 0.823153465788
1.05 0.857558437799
1.1 0.889267137158
1.15 0.9405675052
1.2 0.948056538173
1.25 0.948056555362
1.3 0.960382943249
1.35 1.10381765827
1.4 1.12846115493
1.45 1.20389137238
1.5 1.37885867927
1.55 1.41147497282
1.6 1.42045902209
1.65 1.45848745375
1.7 1.52775675437
1.75 1.52846776032
1.8 1.52846799718
1.85 1.78103619884
1.9 1.79574233912
1.95 1.82725523013
2.0 1.82725531302
0.172965542559 0.172965542559