0 0.0
0.05 1.80097538216e-07
0.1 1.78804101303e-07
0.15 1.76815987407e-07
0.2 1.74179328072e-07
0.25 1.71524346504e-07
0.3 1.73606612863e-07
0.35 1.75644345957e-07
0.4 1.7783050632e-07
0.45 1.80438485042e-07
0.5 1.82943068028e-07
0.55 1.85297025501e-07
0.6 1.87446030919e-07
0.65 1.89328265732e-07
0.7 1.90874067663e-07
0.75 1.92005162214e-07
0.8 1.92633903717e-07
0.85 1.9266173612e-07
0.9 1.91976788688e-07
0.95 1.90450252679e-07
1.0 1.87959681597e-07
1.05 1.84326027775e-07
1.1 1.79336956396e-07
1.15 1.72712573354e-07
1.2 1.64068547193e-07
1.25 1.52862441372e-07
1.3 1.50479911865e-07
1.35 1.54759745463e-07
1.4 1.59122027998e-07
1.45 1.63504101591e-07
1.5 1.67836846643e-07
1.55 1.72049079428e-07
1.6 1.76073340796e-07
1.65 1.79852458038e-07
1.7 1.83347502958e-07
1.75 1.8654521905e-07
1.8 1.89464643974e-07
1.85 1.92161384804e-07
1.9 1.94727185487e-07
1.95 2.24768201385e-07
2.0 2.56467474369e-07
-1.03251709751 -1.03251709751