0 0.0
0.05 3.08131054767e-09
0.1 2.78234535575e-09
0.15 4.8045084817e-09
0.2 6.1544001935e-09
0.25 6.93544675851e-09
0.3 7.42024803082e-09
0.35 7.74494657321e-09
0.4 7.97968249477e-09
0.45 8.15981401791e-09
0.5 8.30405665538e-09
0.55 8.42356706888e-09
0.6 8.52547500244e-09
0.65 8.61465402082e-09
0.7 8.69355243337e-09
0.75 8.76583540518e-09
0.8 8.8337642038e-09
0.85 8.89910426526e-09
0.9 8.96346638501e-09
0.95 9.0284564643e-09
1.0 9.09583292681e-09
1.05 9.16757153354e-09
1.1 9.24626518268e-09
1.15 9.33477302922e-09
1.2 9.4230387201e-09
1.25 9.53147108944e-09
1.3 9.67021373309e-09
1.35 9.85369360874e-09
1.4 1.00987024294e-08
1.45 1.0464185748e-08
1.5 1.29492080188e-08
1.55 1.1678114337e-08
1.6 9.19000944692e-09
1.65 9.30112545847e-09
1.7 9.37960971172e-09
1.75 9.47274060626e-09
1.8 9.99634259828e-09
1.85 1.16932404489e-08
1.9 2.67236618234e-08
1.95 0.0015528297979
2.0 0.020968033101
0.0 0.0