0 0.0
0.05 9.97357750564e-10
0.1 2.81352171881e-09
0.15 7.21008543677e-09
0.2 2.68688168615e-08
0.25 0.0136371503884
0.3 0.15440480155
0.35 0.235618980142
0.4 0.297699099168
0.45 0.330247658312
0.5 0.401816858475
0.55 0.410919132877
0.6 0.410920082695
0.65 0.445533625093
0.7 0.458368084577
0.75 0.59125612153
0.8 0.63445455068
0.85 0.641037133247
0.9 0.648767983677
0.95 0.648768179898
1.0 0.755511552646
1.05 0.779727871157
1.1 0.817522393008
1.15 0.823900132609
1.2 0.829133239511
1.25 0.895846972467
1.3 0.950908020882
1.35 0.952115602677
1.4 0.952947352003
1.45 0.988028850957
1.5 1.01086491223
1.55 1.0795055705
1.6 1.08459436676
1.65 1.24828730579
1.7 1.28745732033
1.75 1.30611611401
1.8 1.6136262748
1.85 1.77586653895
1.9 1.7758666189
1.95 1.77770301767
2.0 1.95020915477
0.0 0.0