0 0.0
0.05 0.0255986934011
0.1 0.031494570821
0.15 0.0346414529728
0.2 0.044252365116
0.25 0.0515322365075
0.3 0.0717554361685
0.35 0.0855985493542
0.4 0.134716678108
0.45 0.208918785024
0.5 0.221280225807
0.55 0.337020807113
0.6 0.445754636243
0.65 0.445754773747
0.7 0.584408028513
0.75 0.584408272142
0.8 0.607135307183
0.85 0.607135646607
0.9 0.67342732404
0.95 0.689175952123
1.0 0.712774832068
1.05 0.786972417816
1.1 0.788537034535
1.15 0.789461365207
1.2 0.789847584974
1.25 0.789847604015
1.3 0.794842185272
1.35 0.796222470598
1.4 0.825695920024
1.45 0.82569596127
1.5 0.867256796451
1.55 0.876685434467
1.6 0.967717271333
1.65 1.11685116688
1.7 1.18623233988
1.75 1.19668112669
1.8 1.26137098125
1.85 1.39895939781
1.9 1.41706462445
1.95 1.45599429422
2.0 1.47070200866
1.78056966151 1.78056966151