0 0.0
0.05 8.68535711103e-11
0.1 1.77024811649e-10
0.15 2.72327100198e-10
0.2 3.75632821165e-10
0.25 4.89697238076e-10
0.3 6.17522885933e-10
0.35 7.63741571382e-10
0.4 9.34836223047e-10
0.45 1.14025211635e-09
0.5 1.39438918787e-09
0.55 1.72146352199e-09
0.6 2.16166387753e-09
0.65 2.78881806357e-09
0.7 3.74938308405e-09
0.75 5.39695612052e-09
0.8 8.61686950198e-09
0.85 1.03660701709e-08
0.9 0.00689895699163
0.95 0.00689918877738
1.0 0.0299551974853
1.05 0.0520629707072
1.1 0.0816475223568
1.15 0.110047941545
1.2 0.164517309148
1.25 0.284310398115
1.3 0.292520714261
1.35 0.33565031081
1.4 0.352009804651
1.45 0.402575309091
1.5 0.405472023551
1.55 0.432090124507
1.6 0.457313451627
1.65 0.45774421295
1.7 0.466614464198
1.75 0.509567728751
1.8 0.541805177552
1.85 0.674999666439
1.9 0.878479509828
1.95 0.908860535605
2.0 1.05860093463
0.0 0.0