0 0.0
0.05 -3.90959502396e-08
0.1 -3.73931626636e-08
0.15 -3.56931915793e-08
0.2 -3.39966832856e-08
0.25 -3.2314599828e-08
0.3 1.01611537856e-10
0.35 1.1816354096e-10
0.4 1.34736211498e-10
0.45 1.51280456112e-10
0.5 1.6686481463e-10
0.55 1.86042227363e-10
0.6 2.01028919553e-10
0.65 2.17420522936e-10
0.7 2.33639101696e-10
0.75 2.50437083275e-10
0.8 2.66397549082e-10
0.85 2.83579391679e-10
0.9 3.00087129898e-10
0.95 3.16702034042e-10
1.0 3.33372599442e-10
1.05 3.50159890519e-10
1.1 3.67004755525e-10
1.15 3.83995966934e-10
1.2 4.0098073951e-10
1.25 4.18198636243e-10
1.3 4.35656876491e-10
1.35 4.53133291811e-10
1.4 4.70851808438e-10
1.45 4.88823619035e-10
1.5 5.07084178912e-10
1.55 5.25664271663e-10
1.6 5.44505465319e-10
1.65 5.63691046744e-10
1.7 5.83244193096e-10
1.75 6.03142771187e-10
1.8 6.23456000022e-10
1.85 6.44210418432e-10
1.9 6.65371631394e-10
1.95 6.86949794027e-10
2.0 7.09049527987e-10
0.0 0.0