0 0.0
0.05 8.40702595419e-11
0.1 1.68573497781e-10
0.15 2.54803745529e-10
0.2 3.44137864106e-10
0.25 4.38111719392e-10
0.3 5.38103553718e-10
0.35 6.46352100517e-10
0.4 7.65612957181e-10
0.45 8.99357925674e-10
0.5 1.05223473233e-09
0.55 1.2309556057e-09
0.6 1.44520030997e-09
0.65 1.70844361631e-09
0.7 2.042572567e-09
0.75 2.48409312189e-09
0.8 3.09937858997e-09
0.85 4.01900799317e-09
0.9 5.54238268602e-09
0.95 8.51229712047e-09
1.0 1.63849694494e-08
1.05 3.03836713954e-08
1.1 0.117705308526
1.15 0.124266642331
1.2 0.149287969457
1.25 0.189447763611
1.3 0.222250300259
1.35 0.26009195502
1.4 0.278240413635
1.45 0.298398454023
1.5 0.315050318096
1.55 0.326908710073
1.6 0.438280745124
1.65 0.438280850905
1.7 0.45616172036
1.75 0.489513091596
1.8 0.504760062638
1.85 0.504760622062
1.9 0.507027993087
1.95 0.529562633434
2.0 0.534476225996
0.0 0.0