0 0.0
0.05 9.69415339866e-11
0.1 2.01566310271e-10
0.15 3.16228839303e-10
0.2 4.43951850245e-10
0.25 5.88730916271e-10
0.3 7.56008637107e-10
0.35 9.53443079369e-10
0.4 1.19221208041e-09
0.45 1.48948445451e-09
0.5 1.87252244724e-09
0.55 2.3881760944e-09
0.6 3.12404426689e-09
0.65 4.26451323266e-09
0.7 6.26849644299e-09
0.75 1.05264814662e-08
0.8 3.34096732185e-07
0.85 0.0887252813977
0.9 0.133530236414
0.95 0.15258191781
1.0 0.152582294478
1.05 0.164802998675
1.1 0.170682548253
1.15 0.170682954919
1.2 0.18511644942
1.25 0.211549161068
1.3 0.277897485613
1.35 0.42794496479
1.4 0.437147817701
1.45 0.445843652029
1.5 0.461503035096
1.55 0.550538204149
1.6 0.585364286808
1.65 0.590400056051
1.7 0.598795912291
1.75 0.61180118803
1.8 0.61849774358
1.85 0.636012974595
1.9 0.649471321081
1.95 0.655907865213
2.0 0.678871366396
0.0 0.0