0 0.0
0.05 2.38456876922e-11
0.1 9.11526347244e-08
0.15 9.36216008044e-08
0.2 9.61291336618e-08
0.25 9.86755494848e-08
0.3 1.0125321916e-07
0.35 1.03862513054e-07
0.4 2.01943203034e-10
0.45 1.09178562706e-07
0.5 1.11887193041e-07
0.55 1.14631236705e-07
0.6 1.1741229121e-07
0.65 1.20232281496e-07
0.7 3.68953114385e-09
0.75 1.25346635282e-07
0.8 1.2440216711e-07
0.85 1.23324247269e-07
0.9 1.22112400619e-07
0.95 1.20766278862e-07
1.0 1.19368632149e-07
1.05 1.17898610091e-07
1.1 1.16309096751e-07
1.15 1.14597847957e-07
1.2 1.12763051185e-07
1.25 1.12066300643e-07
1.3 1.11518879932e-07
1.35 1.1082642234e-07
1.4 1.09983975055e-07
1.45 1.08986937692e-07
1.5 1.06008604602e-07
1.55 1.02712987927e-07
1.6 9.92297713681e-08
1.65 9.55702952141e-08
1.7 9.17473392351e-08
1.75 8.77753044054e-08
1.8 8.36699863103e-08
1.85 7.94486441065e-08
1.9 7.65029430358e-08
1.95 7.47668429273e-08
2.0 7.28719471621e-08
0.0 0.0