0 0.0
0.05 1.89477228232e-11
0.1 4.15769026414e-11
0.15 5.73220608554e-11
0.2 7.72892305781e-11
0.25 2.13577096366e-08
0.3 1.18807017209e-10
0.35 1.4059264236e-10
0.4 1.62254870979e-10
0.45 1.84781676825e-10
0.5 2.08390222907e-10
0.55 2.32028290057e-10
0.6 3.75868359789e-10
0.65 3.97470772493e-08
0.7 3.07699422074e-10
0.75 3.34049616045e-10
0.8 3.61469813237e-10
0.85 3.892031121e-10
0.9 4.17886288055e-10
0.95 5.63066746042e-08
1.0 4.77460043819e-10
1.05 6.24221441482e-08
1.1 5.40512733971e-10
1.15 5.72876878163e-10
1.2 7.22025434661e-08
1.25 6.42266316514e-10
1.3 6.79505020498e-10
1.35 6.99685367812e-10
1.4 8.33823905233e-08
1.45 8.51373738019e-08
1.5 8.67988019918e-08
1.55 8.83634617208e-08
1.6 8.98288236046e-08
1.65 9.82192702877e-10
1.7 9.24549152163e-08
1.75 9.36141666188e-08
1.8 9.46710450954e-08
1.85 9.56266606982e-08
1.9 9.64828253794e-08
1.95 9.7241958327e-08
2.0 9.79071632681e-08
0.0 0.0