0 0.0
0.05 3.04381768939e-11
0.1 6.30456163424e-11
0.15 9.66508627431e-11
0.2 1.32094418943e-10
0.25 1.69870784662e-10
0.3 2.09698632385e-10
0.35 2.52045710547e-10
0.4 2.97098956436e-10
0.45 3.45838373797e-10
0.5 3.98252513596e-10
0.55 4.16147032205e-10
0.6 4.21616075072e-10
0.65 4.24513522358e-10
0.7 4.27979458522e-10
0.75 8.29438785013e-09
0.8 8.26192660329e-08
0.85 8.18027063895e-08
0.9 8.07445897249e-08
0.95 7.94646573158e-08
1.0 7.79855042565e-08
1.05 7.63320585942e-08
1.1 7.45308502711e-08
1.15 7.26093554331e-08
1.2 7.31995068542e-08
1.25 7.44553540932e-08
1.3 7.57042558173e-08
1.35 7.693692406e-08
1.4 7.81406158893e-08
1.45 7.93004251358e-08
1.5 8.04444312368e-08
1.55 8.14998635377e-08
1.6 8.24344863576e-08
1.65 8.32076816992e-08
1.7 8.4511556825e-08
1.75 8.68935191502e-08
1.8 8.93272176835e-08
1.85 9.18187319681e-08
1.9 9.43752321388e-08
1.95 9.70051247128e-08
2.0 9.97181599492e-08
0.0 0.0