0 0.0
0.05 7.33462902845e-08
0.1 7.66193410158e-08
0.15 9.7726122072e-11
0.2 1.32838378789e-10
0.25 1.6678203906e-10
0.3 9.03241806039e-08
0.35 2.37297582498e-10
0.4 2.73974102295e-10
0.45 3.1002524268e-10
0.5 3.47539978292e-10
0.55 1.08665043576e-07
0.6 1.12472872324e-07
0.65 1.16321650989e-07
0.7 1.20209779381e-07
0.75 5.39639630681e-10
0.8 5.80419741969e-10
0.85 1.32185187291e-07
0.9 1.36277108548e-07
0.95 1.40408689443e-07
1.0 7.46957519832e-10
1.05 1.48787799574e-07
1.1 8.10746840094e-10
1.15 1.51690591818e-07
1.2 1.52094246552e-07
1.25 1.52327124552e-07
1.3 1.52392619556e-07
1.35 1.52295095895e-07
1.4 1.52039832469e-07
1.45 1.516327449e-07
1.5 1.52536948693e-07
1.55 1.55890459355e-07
1.6 1.59272410765e-07
1.65 1.62676749419e-07
1.7 1.66095568425e-07
1.75 1.69518664747e-07
1.8 1.72933172075e-07
1.85 1.76323103571e-07
1.9 1.79668631189e-07
1.95 1.82945524763e-07
2.0 1.8612418795e-07
0.0 0.0