0 0.0
0.05 7.60589727412e-08
0.1 7.83249365597e-08
0.15 8.05015162753e-08
0.2 9.56140240061e-11
0.25 8.45514443113e-08
0.3 8.64085692796e-08
0.35 8.81441045205e-08
0.4 8.97494120021e-08
0.45 9.24598412246e-08
0.5 9.56124020719e-08
0.55 9.87891149135e-08
0.6 1.019846424e-07
0.65 1.05193190365e-07
0.7 1.08416439702e-07
0.75 1.1169582317e-07
0.8 1.14974510963e-07
0.85 1.18245295189e-07
0.9 1.21500493632e-07
0.95 1.24732139327e-07
1.0 1.27931930054e-07
1.05 1.31091223499e-07
1.1 1.34201205768e-07
1.15 1.37252717966e-07
1.2 1.40236492183e-07
1.25 1.43143092668e-07
1.3 1.45963033524e-07
1.35 1.48686849217e-07
1.4 1.51305284477e-07
1.45 1.53809410572e-07
1.5 1.56190960575e-07
1.55 1.58442616988e-07
1.6 1.60558463994e-07
1.65 1.62534712335e-07
1.7 1.6437040672e-07
1.75 1.66068745368e-07
1.8 1.67638470254e-07
1.85 1.69096074096e-07
1.9 1.7046842249e-07
1.95 1.71796165341e-07
2.0 1.73137810877e-07
0.0 0.0