0 0.0
0.05 5.20093408845e-10
0.1 1.09874640002e-09
0.15 1.62833857053e-09
0.2 2.03210385611e-09
0.25 2.33225023571e-09
0.3 2.553249553e-09
0.35 2.72032583404e-09
0.4 2.85325276716e-09
0.45 2.96057581808e-09
0.5 3.04053996159e-09
0.55 3.11785207474e-09
0.6 3.19339807452e-09
0.65 3.26793989977e-09
0.7 3.34223189625e-09
0.75 3.41707452939e-09
0.8 3.49334939078e-09
0.85 3.572054547e-09
0.9 3.65435032207e-09
0.95 3.74162360262e-09
1.0 3.83784799343e-09
1.05 3.94548999912e-09
1.1 4.06812544863e-09
1.15 4.21127711271e-09
1.2 4.38323550937e-09
1.25 4.59740798941e-09
1.3 4.90091476244e-09
1.35 5.58830887838e-09
1.4 7.10676565329e-09
1.45 8.01539880866e-09
1.5 1.30805868666e-08
1.55 1.40688566625e-08
1.6 2.04085567991e-08
1.65 3.961872784e-09
1.7 8.17776940018e-09
1.75 3.09328560786e-07
1.8 0.136531228955
1.85 0.142862402792
1.9 0.237836744587
1.95 0.250747302014
2.0 0.272896715504
0.0 0.0