0 0.0
0.05 2.12982974604e-09
0.1 3.25721379594e-09
0.15 3.94658875226e-09
0.2 4.41517667588e-09
0.25 4.75572156342e-09
0.3 5.01582121651e-09
0.35 5.22232989544e-09
0.4 5.3915768789e-09
0.45 5.5346908007e-09
0.5 5.65776376621e-09
0.55 5.76579787299e-09
0.6 5.86243879473e-09
0.65 5.95044109826e-09
0.7 6.03193770895e-09
0.75 6.10873107131e-09
0.8 6.18232787843e-09
0.85 6.25408121144e-09
0.9 6.3253848142e-09
0.95 6.39806830125e-09
1.0 6.4733609468e-09
1.05 6.55248885381e-09
1.1 6.63684853354e-09
1.15 6.72807652755e-09
1.2 6.83152579539e-09
1.25 6.95422170185e-09
1.3 7.10268852798e-09
1.35 6.88409535875e-09
1.4 6.98199383876e-09
1.45 7.10093798261e-09
1.5 7.25072136662e-09
1.55 7.45249910165e-09
1.6 7.74733039611e-09
1.65 8.24967884181e-09
1.7 9.26703733705e-09
1.75 1.14817667317e-08
1.8 1.59540212789e-08
1.85 3.42612653573e-08
1.9 0.0130101930945
1.95 0.0640606934417
2.0 0.222153915393
0.0 0.0