0 0.0
0.05 2.01194203985e-10
0.1 4.36382569416e-10
0.15 7.24844554256e-10
0.2 1.07556627146e-09
0.25 1.50612754913e-09
0.3 2.01156734427e-09
0.35 3.4215480434e-09
0.4 4.66223005071e-09
0.45 9.34890826753e-09
0.5 0.0212478734502
0.55 0.0409139252758
0.6 0.168660370592
0.65 0.335394583335
0.7 0.421051563789
0.75 0.423052800353
0.8 0.451542809523
0.85 0.471304645291
0.9 0.471305313494
0.95 0.500380174516
1.0 0.567918719353
1.05 0.569492501189
1.1 0.660925526135
1.15 0.660925570819
1.2 0.662676409579
1.25 0.665302783343
1.3 0.665302838359
1.35 0.878035487388
1.4 0.905900485143
1.45 1.00519204462
1.5 1.08140872906
1.55 1.15080344219
1.6 1.19678145462
1.65 1.20404263398
1.7 1.3758709294
1.75 1.47696399895
1.8 1.50931751591
1.85 1.52348320624
1.9 1.53702588706
1.95 1.590530619
2.0 1.67120055574
0.0 0.0