0 0.0
0.05 3.46646726879e-08
0.1 0.0540406983658
0.15 0.0541848492231
0.2 0.0544800968574
0.25 0.161065420011
0.3 0.174762205406
0.35 0.280273913364
0.4 0.280273917267
0.45 0.28027391763
0.5 0.280273917732
0.55 0.280273917782
0.6 0.280273917816
0.65 0.280273917844
0.7 0.280273917866
0.75 0.280273917901
0.8 0.280273917924
0.85 0.280273917937
0.9 0.280273917947
0.95 0.280273917954
1.0 0.28027391796
1.05 0.280273917965
1.1 0.280273917968
1.15 0.280273917979
1.2 0.280273917994
1.25 0.280273918006
1.3 0.280273918017
1.35 0.280273918058
1.4 0.280273918154
1.45 0.280273918193
1.5 0.280273918496
1.55 0.280273918159
1.6 0.280273918219
1.65 0.280273918355
1.7 0.280273919771
1.75 0.280273921166
1.8 0.280273921996
1.85 0.280273922602
1.9 0.280273923613
1.95 0.280273924136
2.0 0.280273923903
-0.85540278109 -0.85540278109