0 0.0
0.05 1.75055779566e-11
0.1 6.51710607716e-09
0.15 8.32435036426e-09
0.2 1.0166430961e-08
0.25 1.20459481677e-08
0.3 1.10137289567e-10
0.35 1.29396567509e-10
0.4 1.79352479827e-08
0.45 1.73408509253e-10
0.5 1.91098935699e-10
0.55 2.14039664828e-10
0.6 2.35024512189e-10
0.65 2.58082829853e-10
0.7 2.81840437284e-10
0.75 3.06304368235e-10
0.8 3.31462868117e-10
0.85 3.57414618692e-10
0.9 3.83903077707e-10
0.95 4.11172762147e-10
1.0 4.39160920106e-10
1.05 4.67917579003e-10
1.1 4.97278417886e-10
1.15 5.27431442322e-10
1.2 5.58262783621e-10
1.25 5.90122820739e-10
1.3 6.22617053482e-10
1.35 6.5738392141e-10
1.4 6.96238488731e-10
1.45 7.3623210987e-10
1.5 7.77520658737e-10
1.55 8.20053884041e-10
1.6 8.6372643923e-10
1.65 9.08454544161e-10
1.7 9.54427789751e-10
1.75 1.00192000954e-09
1.8 1.05053636413e-09
1.85 1.10014767913e-09
1.9 1.15081632779e-09
1.95 1.20249545883e-09
2.0 1.25508184739e-09
0.0 0.0