0 0.0
0.05 1.4480108127e-11
0.1 2.97994038664e-11
0.15 4.4696451666e-11
0.2 5.97358060565e-11
0.25 7.45241206433e-11
0.3 8.95070722954e-11
0.35 1.05055270737e-10
0.4 1.20297980826e-10
0.45 1.35172353233e-10
0.5 1.51400054428e-10
0.55 1.67123196422e-10
0.6 1.82824400668e-10
0.65 1.99145529327e-10
0.7 2.15484511073e-10
0.75 2.3200495077e-10
0.8 2.48805570218e-10
0.85 2.6581410846e-10
0.9 2.83140909832e-10
0.95 3.00755332086e-10
1.0 3.1878124253e-10
1.05 3.36995691083e-10
1.1 3.55608241064e-10
1.15 3.74579228476e-10
1.2 3.94018031707e-10
1.25 4.13786341462e-10
1.3 4.34013420066e-10
1.35 4.5461138984e-10
1.4 4.75672052525e-10
1.45 4.97146972946e-10
1.5 5.19105356781e-10
1.55 5.41468929752e-10
1.6 5.6434536518e-10
1.65 5.87551941994e-10
1.7 6.11279866802e-10
1.75 6.35481738307e-10
1.8 6.60078076247e-10
1.85 6.85126988698e-10
1.9 7.10617464123e-10
1.95 7.36499198827e-10
2.0 7.62798613308e-10
0.0 0.0