0 0.0
0.05 -1.35397917551e-08
0.1 3.68935073324e-11
0.15 5.48629920724e-11
0.2 7.33513464081e-11
0.25 8.93633037941e-11
0.3 1.06079763038e-10
0.35 1.23172823198e-10
0.4 -1.48815648553e-09
0.45 1.30278849339e-10
0.5 1.73427679913e-09
0.55 3.32668419678e-09
0.6 4.91023592896e-09
0.65 6.48758558642e-09
0.7 8.13051998087e-09
0.75 9.81938679314e-09
0.8 2.68559310526e-10
0.85 1.3295063541e-08
0.9 1.50879189641e-08
0.95 1.69214155571e-08
1.0 1.87984675074e-08
1.05 2.07218708881e-08
1.1 2.26943511245e-08
1.15 6.19284265358e-09
1.2 2.67966768857e-08
1.25 2.89312521072e-08
1.3 3.11292618313e-08
1.35 3.33933500399e-08
1.4 5.17715008621e-10
1.45 3.81151112112e-08
1.5 4.0575999525e-08
1.55 4.31053696578e-08
1.6 4.57043852127e-08
1.65 6.38176498536e-10
1.7 5.11151273913e-08
1.75 5.39283909695e-08
1.8 5.68144214312e-08
1.85 5.97736901973e-08
1.9 6.28065992902e-08
1.95 8.14219116992e-10
2.0 8.46363489125e-10
0.0 0.0