0 0.0
0.05 9.83561443684e-09
0.1 3.0482190534e-11
0.15 1.29179204275e-08
0.2 1.4490379022e-08
0.25 1.60811884145e-08
0.3 9.36812200197e-11
0.35 1.9323620565e-08
0.4 2.09779873302e-08
0.45 2.26561554049e-08
0.5 1.60308958614e-10
0.55 2.60885570514e-08
0.6 2.78448938829e-08
0.65 2.96292615631e-08
0.7 3.14424736192e-08
0.75 3.32852718142e-08
0.8 2.68435316827e-10
0.85 2.87365736273e-10
0.9 3.08358034826e-10
0.95 4.0963611617e-08
1.0 4.29619833596e-08
1.05 3.66737083808e-10
1.1 3.87715893029e-10
1.15 4.91494847329e-08
1.2 4.31959245758e-10
1.25 4.51261066149e-10
1.3 5.56254333387e-08
1.35 4.95313773668e-10
1.4 5.17704068655e-10
1.45 5.4071924308e-10
1.5 5.63729309665e-10
1.55 6.70466724216e-08
1.6 6.94224559292e-08
1.65 6.35053705045e-10
1.7 7.42627448093e-08
1.75 7.67265042631e-08
1.8 7.92188588796e-08
1.85 8.17394500507e-08
1.9 8.4287927139e-08
1.95 7.8743310488e-10
2.0 8.12147960391e-10
0.0 0.0