0 0.0
0.05 2.61049802954e-11
0.1 4.89714566852e-11
0.15 3.93284333879e-08
0.2 4.194352222e-08
0.25 4.46317080835e-08
0.3 4.73943282357e-08
0.35 1.83247032027e-10
0.4 2.12268462944e-10
0.45 2.42162103093e-10
0.5 2.72825327357e-10
0.55 3.04404956678e-10
0.6 3.36679337383e-10
0.65 6.88978635407e-08
0.7 4.039351342e-10
0.75 4.38460603907e-10
0.8 4.7383361999e-10
0.85 7.68336522982e-10
0.9 5.47254430639e-10
0.95 5.85312814729e-10
1.0 6.2420249541e-10
1.05 6.63502532465e-10
1.1 7.04475820474e-10
1.15 7.44936812744e-10
1.2 7.8707928431e-10
1.25 8.30184555239e-10
1.3 8.73943500751e-10
1.35 9.18608604221e-10
1.4 9.63992668308e-10
1.45 1.01025868603e-09
1.5 1.05717908669e-09
1.55 1.11110719148e-09
1.6 1.16916090785e-09
1.65 1.22895035574e-09
1.7 1.29049907163e-09
1.75 1.3539265387e-09
1.8 1.41920431614e-09
1.85 1.48645367893e-09
1.9 1.55569616032e-09
1.95 1.62692492237e-09
2.0 1.70036970396e-09
0.0 0.0