0 0.0
0.05 -9.31254644123e-09
0.1 -7.66083490588e-09
0.15 -6.06274052014e-09
0.2 6.50891882328e-11
0.25 -3.03373519219e-09
0.3 -1.61224267379e-09
0.35 -2.58753837409e-10
0.4 1.03852846063e-09
0.45 2.27923826802e-09
0.5 3.46299604316e-09
0.55 4.58904810044e-09
0.6 5.65366895093e-09
0.65 6.6632332618e-09
0.7 7.61680163573e-09
0.75 8.80010041972e-09
0.8 1.00986342976e-08
0.85 1.14120526969e-08
0.9 1.27419175921e-08
0.95 1.40870651215e-08
1.0 1.54410414999e-08
1.05 1.67990831341e-08
1.1 1.81553937678e-08
1.15 1.95003181046e-08
1.2 2.08252879549e-08
1.25 2.21325790202e-08
1.3 2.34148996073e-08
1.35 2.4664986907e-08
1.4 2.58756643708e-08
1.45 2.70398533578e-08
1.5 2.81504537099e-08
1.55 2.91999113311e-08
1.6 3.01796682539e-08
1.65 3.10791944224e-08
1.7 3.18846856391e-08
1.75 3.25771381801e-08
1.8 3.31296463673e-08
1.85 3.35033420838e-08
1.9 3.3560887617e-08
1.95 3.29347105682e-08
2.0 3.13347868496e-08
0.0 0.0