0 0.0
0.05 0.00204809957984
0.1 0.0528035395985
0.15 0.0799438000299
0.2 0.111047334003
0.25 0.111047340375
0.3 0.111047342053
0.35 0.111047342869
0.4 0.111047343367
0.45 0.111047343703
0.5 0.111047343951
0.55 0.111047344146
0.6 0.111047344304
0.65 0.111047344436
0.7 0.11104734455
0.75 0.11104734465
0.8 0.111047344739
0.85 0.111047344821
0.9 0.111047344897
0.95 0.111047344969
1.0 0.11104734504
1.05 0.111047345111
1.1 0.11104734518
1.15 0.111047345247
1.2 0.111047345307
1.25 0.111047345354
1.3 0.111047345432
1.35 0.111047345619
1.4 0.111047346208
1.45 0.111047346433
1.5 0.11104734711
1.55 0.111047345337
1.6 0.111047345634
1.65 0.111047345796
1.7 0.111047346003
1.75 0.111047346154
1.8 0.111047346295
1.85 0.111047346524
1.9 0.111047346852
1.95 0.111047347253
2.0 0.111047347985
0.0 0.0