0 0.0
0.05 -5.2553090768e-08
0.1 -4.98838756968e-08
0.15 -4.72327759127e-08
0.2 1.06623820884e-10
0.25 -4.19860781697e-08
0.3 -3.93910672969e-08
0.35 -3.68153096897e-08
0.4 -3.42591210956e-08
0.45 -3.17227115687e-08
0.5 -2.92063935259e-08
0.55 -2.67183151159e-08
0.6 3.09763548145e-10
0.65 -2.18029025945e-08
0.7 -1.93733602494e-08
0.75 -1.69627660807e-08
0.8 -1.45712555355e-08
0.85 -1.2198913879e-08
0.9 -9.84581172148e-09
0.95 -7.51202255955e-09
1.0 -5.19756415684e-09
1.05 -2.902504459e-09
1.1 -6.26835472417e-10
1.15 1.62944302495e-09
1.2 3.86631837657e-09
1.25 6.08827677162e-09
1.3 8.29684942971e-09
1.35 1.04921071831e-08
1.4 1.26740657969e-08
1.45 1.48428447311e-08
1.5 1.69984972764e-08
1.55 1.91411546613e-08
1.6 2.12708599623e-08
1.65 2.33876440436e-08
1.7 2.54916050491e-08
1.75 2.75826965712e-08
1.8 2.96608277939e-08
1.85 3.17258428417e-08
1.9 3.37774075376e-08
1.95 3.58150302748e-08
2.0 3.78379796384e-08
1.31639335079 1.31639335079