0 0.0
0.05 1.04441344462e-10
0.1 5.37909716769e-11
0.15 1.34509337002e-09
0.2 3.83340315047e-09
0.25 6.23385032483e-09
0.3 8.54735371369e-09
0.35 1.07751021439e-08
0.4 1.29186012998e-08
0.45 1.49795367221e-08
0.5 1.69597926813e-08
0.55 1.889374035e-08
0.6 2.07789236928e-08
0.65 2.26149228233e-08
0.7 2.44045210707e-08
0.75 2.61505579413e-08
0.8 2.7855750373e-08
0.85 2.96928763799e-08
0.9 3.16014541202e-08
0.95 3.35073986335e-08
1.0 3.54114935153e-08
1.05 3.73145416788e-08
1.1 3.92173520325e-08
1.15 4.11852882909e-08
1.2 4.32003441908e-08
1.25 4.52570909637e-08
1.3 4.73607906226e-08
1.35 4.95168219761e-08
1.4 5.17307126024e-08
1.45 5.40081377398e-08
1.5 5.63549837906e-08
1.55 5.87773361094e-08
1.6 6.12815607148e-08
1.65 6.38743098413e-08
1.7 6.65625239371e-08
1.75 6.93535735508e-08
1.8 7.22551838361e-08
1.85 7.52755338063e-08
1.9 7.84206795057e-08
1.95 8.16865215469e-08
2.0 8.50896177962e-08
-1.04763072687 -1.04763072687