0 0.0
0.05 2.4134168529e-10
0.1 4.35621813863e-10
0.15 5.95637983032e-10
0.2 7.30161446453e-10
0.25 8.45326711821e-10
0.3 9.45652500064e-10
0.35 1.03455281624e-09
0.4 1.11459075453e-09
0.45 1.18778251391e-09
0.5 1.2557627571e-09
0.55 1.31990220014e-09
0.6 1.3813954004e-09
0.65 1.44133022864e-09
0.7 1.50074755726e-09
0.75 1.56069804992e-09
0.8 1.62230283229e-09
0.85 1.68682668075e-09
0.9 1.75966203557e-09
0.95 1.8432266006e-09
1.0 1.9385229734e-09
1.05 2.11786993293e-09
1.1 2.29671050067e-09
1.15 2.50152869532e-09
1.2 2.75864539162e-09
1.25 3.09156130205e-09
1.3 3.55055550124e-09
1.35 3.9038637745e-09
1.4 5.50838804778e-09
1.45 1.05966463971e-08
1.5 1.0179445736e-08
1.55 0.013097142119
1.6 0.0418970327392
1.65 0.0427519140342
1.7 0.0427520447241
1.75 0.109143869915
1.8 0.113595730413
1.85 0.121699752701
1.9 0.139334247232
1.95 0.139334247724
2.0 0.155046462823
0.248306895929 0.248306895929