0 0.0
0.05 5.94469501791e-07
0.1 0.0201767501378
0.15 0.0201767581219
0.2 0.0266984300909
0.25 0.0266984803161
0.3 0.0275952171375
0.35 0.0494072782398
0.4 0.192865915743
0.45 0.247723538629
0.5 0.307041705656
0.55 0.308767000891
0.6 0.355475269455
0.65 0.369474931148
0.7 0.36982561061
0.75 0.369827270768
0.8 0.400623162052
0.85 0.400623497578
0.9 0.400735597417
0.95 0.585625789648
1.0 0.680169516247
1.05 0.717255109237
1.1 0.771835764205
1.15 0.829110885145
1.2 0.853414922556
1.25 0.853415173459
1.3 0.882869865454
1.35 0.888915597193
1.4 0.920503335545
1.45 1.03637656273
1.5 1.04173399351
1.55 1.05635690573
1.6 1.06746799714
1.65 1.15811314107
1.7 1.15811424488
1.75 1.23240784183
1.8 1.23240792505
1.85 1.25732425378
1.9 1.27608612023
1.95 1.27608667859
2.0 1.27615862841
0.0 0.0