0 0.0
0.05 2.70206079733e-11
0.1 1.55723973716e-08
0.15 1.8143595959e-08
0.2 2.06467274388e-08
0.25 2.30946402002e-08
0.3 2.55021577189e-08
0.35 2.78671137277e-08
0.4 3.0190455691e-08
0.45 3.24733435697e-08
0.5 3.47170161508e-08
0.55 3.69568013969e-08
0.6 3.96369976841e-08
0.65 4.24409005717e-08
0.7 4.53037001247e-08
0.75 4.82280007041e-08
0.8 5.12167095401e-08
0.85 5.42729681197e-08
0.9 5.74002270159e-08
0.95 6.06022754202e-08
1.0 6.3883198953e-08
1.05 6.72541837776e-08
1.1 7.07235627839e-08
1.15 7.42880996718e-08
1.2 7.79535351825e-08
1.25 7.16956272129e-10
1.3 8.56124775517e-08
1.35 7.982587924e-10
1.4 9.37566149162e-08
1.45 8.94766039039e-10
1.5 1.02452415218e-07
1.55 9.68453095496e-10
1.6 1.01574615385e-09
1.65 1.06589093107e-09
1.7 1.11825126936e-09
1.75 1.17231513386e-09
1.8 1.24148669123e-09
1.85 1.28811428191e-09
1.9 1.34921163131e-09
1.95 1.41247191721e-09
2.0 1.4779732993e-09
-1.23509138887 -1.23509138887