0 0.0
0.05 8.65114769497e-11
0.1 1.73849133357e-10
0.15 2.62429016372e-10
0.2 3.52862398816e-10
0.25 4.459344868e-10
0.3 5.42641322761e-10
0.35 6.44191368047e-10
0.4 7.52052751563e-10
0.45 8.68060229226e-10
0.5 9.94516938114e-10
0.55 1.13447694631e-09
0.6 1.29210491916e-09
0.65 1.47474157067e-09
0.7 1.69149702416e-09
0.75 1.95303154249e-09
0.8 2.27750983378e-09
0.85 2.69518620513e-09
0.9 3.25758841193e-09
0.95 4.0619706652e-09
1.0 5.31466565617e-09
1.05 7.53007375908e-09
1.1 1.24006825306e-08
1.15 2.88488336432e-08
1.2 0.0118113239815
1.25 0.0322351137629
1.3 0.065797787984
1.35 0.0830053121051
1.4 0.0977618205413
1.45 0.109334374675
1.5 0.122416585313
1.55 0.122417952111
1.6 0.124666630976
1.65 0.12466681967
1.7 0.134138664967
1.75 0.155119297058
1.8 0.181631125121
1.85 0.363272866795
1.9 0.394916420804
1.95 0.418501064725
2.0 0.564245104104
-0.483173156334 -0.483173156334