0 0.0
0.05 1.60509998934e-10
0.1 3.49431165903e-10
0.15 5.78719893482e-10
0.2 8.69475653509e-10
0.25 1.25451332785e-09
0.3 1.7531800984e-09
0.35 2.4514770499e-09
0.4 3.48462372728e-09
0.45 5.14197333753e-09
0.5 6.83333611682e-09
0.55 4.12278730592e-08
0.6 0.0543223219599
0.65 0.495656015991
0.7 0.780827592212
0.75 0.791090178047
0.8 0.798635903063
0.85 0.873987659959
0.9 0.952962129433
0.95 1.02454237321
1.0 1.13841264151
1.05 1.18613210321
1.1 1.18613218802
1.15 1.18613219312
1.2 1.18613239576
1.25 1.27314040664
1.3 1.31453061774
1.35 1.31453064872
1.4 1.42603930755
1.45 1.42603938593
1.5 1.42700981575
1.55 1.44446646638
1.6 1.46179120728
1.65 1.49982728232
1.7 1.50348725127
1.75 1.50348730286
1.8 1.50348732631
1.85 1.5036263428
1.9 1.57669532417
1.95 1.5898373216
2.0 1.61639814709
0.0 0.0