0 0.0
0.05 1.31497044701e-10
0.1 2.48392118859e-10
0.15 3.54007308154e-10
0.2 4.50907975362e-10
0.25 5.41148282946e-10
0.3 6.26233781649e-10
0.35 7.07726437397e-10
0.4 7.87167696541e-10
0.45 8.65701352278e-10
0.5 9.44520317477e-10
0.55 1.02492875126e-09
0.6 1.10803970981e-09
0.65 1.19514855086e-09
0.7 1.28774064713e-09
0.75 1.38758216199e-09
0.8 1.49684474417e-09
0.85 1.61828693045e-09
0.9 1.75552544933e-09
0.95 1.91344940993e-09
1.0 2.09884764868e-09
1.05 2.32133183701e-09
1.1 2.5945522503e-09
1.15 2.93369312113e-09
1.2 3.36420197916e-09
1.25 3.8661348722e-09
1.3 5.51085641895e-09
1.35 1.06772178523e-08
1.4 0.0614445034369
1.45 0.149587747656
1.5 0.184630221835
1.55 0.191877143441
1.6 0.194718075439
1.65 0.198556542836
1.7 0.23815783491
1.75 0.238158442683
1.8 0.242596721587
1.85 0.325733947493
1.9 0.399116806818
1.95 0.405019685917
2.0 0.405020015693
0.0 0.0