0 0.0
0.05 2.38178687087e-10
0.1 4.33223690849e-10
0.15 5.96535649114e-10
0.2 7.35658634797e-10
0.25 8.55872017298e-10
0.3 9.61027546099e-10
0.35 1.05402339175e-09
0.4 1.13709051672e-09
0.45 1.21189223659e-09
0.5 1.28000024547e-09
0.55 1.3425578229e-09
0.6 1.40065959034e-09
0.65 1.45561904038e-09
0.7 1.512290349e-09
0.75 1.57383390472e-09
0.8 1.63979318766e-09
0.85 1.71163046795e-09
0.9 1.79122460476e-09
0.95 1.88109170064e-09
1.0 1.98437041133e-09
1.05 2.10557950116e-09
1.1 2.25122871646e-09
1.15 2.40279545472e-09
1.2 2.66962634862e-09
1.25 2.92189346732e-09
1.3 3.26776886203e-09
1.35 3.68657936439e-09
1.4 4.34976180347e-09
1.45 4.35833121242e-09
1.5 3.06907978768e-08
1.55 0.0252562443299
1.6 0.02525651964
1.65 0.0643519073375
1.7 0.0767861167852
1.75 0.0784898689244
1.8 0.132823283345
1.85 0.157654459693
1.9 0.185643731412
1.95 0.219120166442
2.0 0.231387020371
0.0 0.0