0 0.0
0.05 1.80261352812e-11
0.1 3.57236037076e-11
0.15 -6.84098094222e-09
0.2 -5.10034307312e-09
0.25 -3.37209637664e-09
0.3 -1.65266058133e-09
0.35 6.15433949623e-11
0.4 1.77412425176e-09
0.45 3.48867933831e-09
0.5 5.20880830277e-09
0.55 1.9148746864e-10
0.6 8.68008300925e-09
0.65 2.2653291803e-10
0.7 2.4399079618e-10
0.75 2.62095608349e-10
0.8 2.80265801899e-10
0.85 2.98712664708e-10
0.9 3.17904267667e-10
0.95 3.3711459801e-10
1.0 3.56766826687e-10
1.05 3.76803237922e-10
1.1 3.97342045981e-10
1.15 4.18429176581e-10
1.2 4.39855005044e-10
1.25 4.61871114812e-10
1.3 3.62498696797e-08
1.35 3.86008512411e-08
1.4 5.33538726961e-10
1.45 5.60135094345e-10
1.5 6.0153947038e-10
1.55 6.15757370853e-10
1.6 6.45469756788e-10
1.65 6.75023815073e-10
1.7 7.05910469975e-10
1.75 7.37806534859e-10
1.8 7.70813934129e-10
1.85 8.04324689484e-10
1.9 8.38912803775e-10
1.95 8.74380839895e-10
2.0 9.10790759545e-10
0.0 0.0