0 0.0
0.05 -1.10453973579e-07
0.1 -1.01911517253e-07
0.15 -9.78251391143e-08
0.2 -9.39963692437e-08
0.25 -9.05284970459e-08
0.3 -8.74039192272e-08
0.35 -8.46214716632e-08
0.4 -8.22034607884e-08
0.45 -8.0163384375e-08
0.5 -7.85037842649e-08
0.55 -7.72215224543e-08
0.6 -7.62846281005e-08
0.65 -7.56480671854e-08
0.7 -7.52721814462e-08
0.75 -7.51993597947e-08
0.8 -7.53012660837e-08
0.85 4.83421330744e-10
0.9 4.29702148863e-10
0.95 3.75040595801e-10
1.0 3.28570878838e-10
1.05 2.99740079979e-10
1.1 3.4059387255e-10
1.15 3.92870208588e-10
1.2 4.44452474824e-10
1.25 4.95431196068e-10
1.3 5.45701164811e-10
1.35 5.95447344209e-10
1.4 6.44864078803e-10
1.45 6.94308346927e-10
1.5 7.4349171264e-10
1.55 7.92416507411e-10
1.6 8.41136382768e-10
1.65 8.89726375908e-10
1.7 9.38199268274e-10
1.75 9.86566828232e-10
1.8 1.03482881986e-09
1.85 1.08303577218e-09
1.9 1.1312206033e-09
1.95 1.17944683187e-09
2.0 1.2277656114e-09
0.0836616408098 0.0836616408098