0 0.0
0.05 5.63036257473e-08
0.1 5.87099837676e-08
0.15 6.11552271626e-08
0.2 1.43144057366e-10
0.25 1.22667702919e-10
0.3 1.4775956134e-10
0.35 7.13068664036e-08
0.4 2.00059377057e-10
0.45 2.27765655831e-10
0.5 2.53251447158e-10
0.55 2.80589142072e-10
0.6 3.08904051158e-10
0.65 3.35826835813e-10
0.7 3.66902092086e-10
0.75 9.31776599073e-08
0.8 4.20812054805e-10
0.85 4.53298307861e-10
0.9 1.01828591745e-07
0.95 5.08306262151e-10
1.0 5.38204759695e-10
1.05 5.67277541222e-10
1.1 5.97176188043e-10
1.15 6.27205699531e-10
1.2 6.57954261461e-10
1.25 6.87779329975e-10
1.3 7.18436585897e-10
1.35 7.54421302112e-10
1.4 7.94212098858e-10
1.45 8.34633536865e-10
1.5 8.75358233465e-10
1.55 9.17127832474e-10
1.6 9.59791713912e-10
1.65 1.00354005748e-09
1.7 1.04729714445e-09
1.75 1.09230941394e-09
1.8 1.13800500156e-09
1.85 1.18496316401e-09
1.9 1.23298255715e-09
1.95 1.28198244441e-09
2.0 1.331847869e-09
0.0 0.0