0 0.0
0.05 1.50682445472e-11
0.1 3.8573108953e-09
0.15 4.70976668213e-11
0.2 7.03654482614e-09
0.25 7.60836109983e-11
0.3 9.5529492718e-11
0.35 1.19486878667e-08
0.4 1.29049815319e-10
0.45 1.46142615541e-10
0.5 1.63904457328e-10
0.55 1.81157942354e-10
0.6 2.06419188542e-08
0.65 2.17549560799e-10
0.7 2.43363032362e-08
0.75 2.55087088403e-10
0.8 2.74471954566e-10
0.85 2.94212668031e-10
0.9 3.14331798659e-10
0.95 3.34857435968e-10
1.0 3.55761871656e-10
1.05 3.77152639017e-10
1.1 3.98895045772e-10
1.15 4.21065055382e-10
1.2 4.43642317073e-10
1.25 4.668752669e-10
1.3 4.90135239669e-10
1.35 5.13923715859e-10
1.4 5.3849795253e-10
1.45 5.63710195735e-10
1.5 5.89340357928e-10
1.55 6.15496620304e-10
1.6 6.42354888667e-10
1.65 6.69304056627e-10
1.7 6.97114802725e-10
1.75 7.24846540076e-10
1.8 7.53385829595e-10
1.85 7.82197682449e-10
1.9 8.11587465091e-10
1.95 8.41430577217e-10
2.0 8.71606094943e-10
0.0 0.0