0 0.0
0.05 2.95026604413e-08
0.1 3.19945035806e-08
0.15 7.48638870118e-11
0.2 1.00943920557e-10
0.25 3.99875071855e-08
0.3 4.28337482371e-08
0.35 1.86559653797e-10
0.4 2.17017116256e-10
0.45 2.48294303813e-10
0.5 2.80679973176e-10
0.55 3.13961378897e-10
0.6 3.48234669779e-10
0.65 3.83405795338e-10
0.7 4.2036478998e-10
0.75 4.56809606189e-10
0.8 4.94886474939e-10
0.85 5.39570034126e-10
0.9 5.73856156926e-10
0.95 6.14342659546e-10
1.0 6.5587509916e-10
1.05 6.98029406237e-10
1.1 7.40954552789e-10
1.15 7.84485732569e-10
1.2 8.2864681707e-10
1.25 8.73405842913e-10
1.3 9.18665811089e-10
1.35 9.6445722427e-10
1.4 1.01059341702e-09
1.45 1.05704715973e-09
1.5 1.10414788568e-09
1.55 1.15117772153e-09
1.6 1.19837672003e-09
1.65 1.24596913454e-09
1.7 1.29344818488e-09
1.75 1.34094228795e-09
1.8 1.38856333741e-09
1.85 1.43668745361e-09
1.9 1.48357101485e-09
1.95 1.53096198762e-09
2.0 1.57801635367e-09
0.0 0.0