0 1.16628928737e-13
0.05 0.00227513176362
0.1 0.00288566049144
0.15 0.00288567775378
0.2 0.00571437025419
0.25 0.0752516692996
0.3 0.106842194945
0.35 0.112905957802
0.4 0.12488588624
0.45 0.158363917776
0.5 0.20351686026
0.55 0.203516869016
0.6 0.203516871664
0.65 0.203516872794
0.7 0.203516873351
0.75 0.203516873657
0.8 0.203516873801
0.85 0.203516873896
0.9 0.203516873959
0.95 0.203516873941
1.0 0.20351687391
1.05 0.20351687396
1.1 0.203516873926
1.15 0.203516873909
1.2 0.203516873967
1.25 0.203516874079
1.3 0.203516874277
1.35 0.203516874653
1.4 0.203516875457
1.45 0.203516874537
1.5 0.203516874668
1.55 0.203516874706
1.6 0.203516874597
1.65 0.203516876111
1.7 0.20351687465
1.75 0.203516875192
1.8 0.203516875663
1.85 0.20351687606
1.9 0.203516876522
1.95 0.203516877081
2.0 0.20351687807
0.0 0.0