0 0.0
0.05 -6.66084906416e-09
0.1 -5.13195469804e-09
0.15 -3.60906937659e-09
0.2 -2.09037931192e-09
0.25 -5.7364062866e-10
0.3 9.16012162859e-11
0.35 2.46429106424e-09
0.4 3.98850754414e-09
0.45 5.51873704085e-09
0.5 1.52804897479e-10
0.55 8.60462197415e-09
0.6 1.85072546731e-10
0.65 2.01785277091e-10
0.7 2.19491671858e-10
0.75 2.37678597537e-10
0.8 2.56372726007e-10
0.85 2.75773584164e-10
0.9 2.95698215724e-10
0.95 3.16264078047e-10
1.0 3.37798706513e-10
1.05 3.6002151043e-10
1.1 3.83283973939e-10
1.15 4.07122389697e-10
1.2 4.31941786329e-10
1.25 4.57647621841e-10
1.3 4.8418761815e-10
1.35 5.11723009629e-10
1.4 5.40251398395e-10
1.45 5.69794697359e-10
1.5 6.00383065008e-10
1.55 6.31986940402e-10
1.6 6.64748348976e-10
1.65 6.9860307916e-10
1.7 7.33667998254e-10
1.75 7.69828734677e-10
1.8 8.07265092723e-10
1.85 8.45896456164e-10
1.9 8.85829965546e-10
1.95 9.270499661e-10
2.0 9.69620608253e-10
0.0 0.0