0 0.0
0.05 3.71598816844e-10
0.1 6.73465215235e-10
0.15 9.248621497e-10
0.2 1.13890141072e-09
0.25 1.32459393942e-09
0.3 1.48738798291e-09
0.35 1.6340944716e-09
0.4 1.76844996975e-09
0.45 1.89341520056e-09
0.5 2.01140899473e-09
0.55 2.12447479267e-09
0.6 2.23440386286e-09
0.65 2.342826443e-09
0.7 2.45131769386e-09
0.75 2.56143854305e-09
0.8 2.67482373933e-09
0.85 2.79326338807e-09
0.9 2.91880064246e-09
0.95 3.05385707991e-09
1.0 3.20127939267e-09
1.05 3.36485856291e-09
1.1 3.54949812812e-09
1.15 3.76176413858e-09
1.2 4.01075694424e-09
1.25 4.30952077514e-09
1.3 4.67747269108e-09
1.35 5.14481587055e-09
1.4 5.7610749922e-09
1.45 6.61302883454e-09
1.5 7.81636992453e-09
1.55 3.24136400466e-09
1.6 5.62038385761e-09
1.65 1.27678088648e-08
1.7 7.93348371572e-08
1.75 0.0552144684731
1.8 0.108423948836
1.85 0.142759744849
1.9 0.146106218982
1.95 0.146106256218
2.0 0.147744886736
0.0 0.0