0 0.0
0.05 3.30242554805e-11
0.1 7.95824693038e-08
0.15 1.01276825689e-10
0.2 1.36326318274e-10
0.25 1.71567846648e-10
0.3 2.07275061387e-10
0.35 2.43684213838e-10
0.4 2.79312026357e-10
0.45 3.29253109311e-10
0.5 3.83065828741e-10
0.55 4.38689153251e-10
0.6 4.97124756877e-10
0.65 5.57537147302e-10
0.7 6.20133137505e-10
0.75 6.84833539199e-10
0.8 7.51685543986e-10
0.85 8.20724287629e-10
0.9 8.91980642985e-10
0.95 9.65442452925e-10
1.0 1.0411816704e-09
1.05 1.11924438798e-09
1.1 1.19957852388e-09
1.15 1.28241196081e-09
1.2 1.36766789586e-09
1.25 1.45536222578e-09
1.3 1.54547948578e-09
1.35 1.6380957112e-09
1.4 1.73315950896e-09
1.45 1.83070195994e-09
1.5 1.93078365291e-09
1.55 2.03337521085e-09
1.6 2.13850179169e-09
1.65 2.24614980424e-09
1.7 2.35625407042e-09
1.75 2.4689454011e-09
1.8 2.58411014213e-09
1.85 2.70175614364e-09
1.9 2.82196087303e-09
1.95 2.9445698877e-09
2.0 3.0696165462e-09
0.0 0.0