0 0.0
0.05 5.2082785044e-08
0.1 5.27910859174e-08
0.15 5.34466575555e-08
0.2 5.4069540605e-08
0.25 5.46498366727e-08
0.3 5.51891183037e-08
0.35 5.56899269594e-08
0.4 5.61548636418e-08
0.45 5.65865103559e-08
0.5 5.70223287927e-08
0.55 5.80054925868e-08
0.6 5.89640519634e-08
0.65 5.9898083618e-08
0.7 6.08077028108e-08
0.75 6.16930205753e-08
0.8 6.25541939187e-08
0.85 6.33914375882e-08
0.9 6.42049401387e-08
0.95 6.49949386707e-08
1.0 6.57617072898e-08
1.05 6.65055337663e-08
1.1 6.72267571732e-08
1.15 6.79257080329e-08
1.2 6.86027816889e-08
1.25 6.93107230763e-08
1.3 7.00538311558e-08
1.35 7.07819198923e-08
1.4 7.14955703668e-08
1.45 7.21954505093e-08
1.5 7.28821692713e-08
1.55 7.35563866733e-08
1.6 7.42187399841e-08
1.65 7.4869862452e-08
1.7 7.55103279262e-08
1.75 7.6140719429e-08
1.8 7.67615343975e-08
1.85 7.73732138931e-08
1.9 7.7976125565e-08
1.95 7.85705420445e-08
2.0 7.91566534245e-08
0.0 0.0