0 0.0
0.05 2.62130205608e-11
0.1 6.75708367998e-10
0.15 8.52421832855e-11
0.2 1.16353008748e-10
0.25 1.48273586743e-10
0.3 1.8280489177e-10
0.35 2.1985824276e-10
0.4 2.58994787591e-10
0.45 3.00090232826e-10
0.5 3.43089256367e-10
0.55 3.87994937317e-10
0.6 4.34763901733e-10
0.65 4.83094812035e-10
0.7 5.33328588121e-10
0.75 5.85250144456e-10
0.8 6.38495487317e-10
0.85 6.92688088578e-10
0.9 7.47668330135e-10
0.95 8.03041370803e-10
1.0 8.50482699574e-10
1.05 8.91439164952e-10
1.1 9.32230266554e-10
1.15 9.72673838349e-10
1.2 1.01273066691e-09
1.25 1.05235034577e-09
1.3 1.09123310702e-09
1.35 1.12943385886e-09
1.4 1.16679299535e-09
1.45 1.2032355771e-09
1.5 1.23854281041e-09
1.55 1.2726756506e-09
1.6 1.30540956061e-09
1.65 1.33701167233e-09
1.7 1.36654770893e-09
1.75 1.39593753323e-09
1.8 1.421939505e-09
1.85 1.44529740346e-09
1.9 1.46755968869e-09
1.95 1.48770395085e-09
2.0 1.50792287278e-09
0.0 0.0