0 0.0
0.05 1.88790215542e-08
0.1 2.07262998707e-08
0.15 2.25621893172e-08
0.2 2.43869480681e-08
0.25 2.62007408113e-08
0.3 2.79986681841e-08
0.35 2.97775077739e-08
0.4 3.15333578216e-08
0.45 3.32616987157e-08
0.5 3.49573620253e-08
0.55 3.66146275136e-08
0.6 3.82273202189e-08
0.65 3.97888036619e-08
0.7 4.12935725866e-08
0.75 4.27367644613e-08
0.8 4.41080437669e-08
0.85 4.54009602423e-08
0.9 4.66083660893e-08
0.95 4.77236485486e-08
1.0 4.87421785901e-08
1.05 4.96592861511e-08
1.1 5.04685696794e-08
1.15 5.11660664511e-08
1.2 5.17486394545e-08
1.25 5.2214020561e-08
1.3 5.25607958314e-08
1.35 5.27884727235e-08
1.4 5.28974602405e-08
1.45 5.2889041202e-08
1.5 5.27654071501e-08
1.55 5.25295272155e-08
1.6 5.2185207486e-08
1.65 5.17369237446e-08
1.7 5.11898671205e-08
1.75 5.05497484545e-08
1.8 4.98227682787e-08
1.85 4.91024655748e-08
1.9 4.8812137896e-08
1.95 4.84779984227e-08
2.0 4.81016282999e-08
0.0 0.0