0 0.0
0.05 8.4137992807e-11
0.1 1.70497818856e-10
0.15 2.60390457249e-10
0.2 3.5529599624e-10
0.25 4.56952160512e-10
0.3 5.67511003605e-10
0.35 6.89726101585e-10
0.4 8.26980056587e-10
0.45 9.83920377139e-10
0.5 1.16699940826e-09
0.55 1.38550897572e-09
0.6 1.65337920753e-09
0.65 1.9924133691e-09
0.7 2.43828834879e-09
0.75 3.05196644739e-09
0.8 3.87684818713e-09
0.85 5.05238040359e-09
0.9 6.74502701264e-09
0.95 8.52657961862e-09
1.0 0.00663483437443
1.05 0.0729097693942
1.1 0.0901825211839
1.15 0.0901825360228
1.2 0.0970115537067
1.25 0.11769517507
1.3 0.117695180334
1.35 0.11769547903
1.4 0.139858191856
1.45 0.140641315122
1.5 0.172377721353
1.55 0.253925353576
1.6 0.294108176838
1.65 0.321487474801
1.7 0.43878635199
1.75 0.456939894187
1.8 0.483304562952
1.85 0.692524675881
1.9 0.965926196827
1.95 1.04926726231
2.0 1.05964092572
0.517059434597 0.517059434597