0 0.0
0.05 2.31209517189e-10
0.1 4.21187703698e-10
0.15 5.8155229582e-10
0.2 7.18776157758e-10
0.25 8.39979977061e-10
0.3 9.50129518659e-10
0.35 1.0511751058e-09
0.4 1.14545830007e-09
0.45 1.23487166945e-09
0.5 1.32100323119e-09
0.55 1.40524104898e-09
0.6 1.48885379678e-09
0.65 1.57305725671e-09
0.7 1.65907439977e-09
0.75 1.74819525624e-09
0.8 1.84184263424e-09
0.85 1.94165139612e-09
0.9 2.04956952837e-09
0.95 2.16799680054e-09
1.0 2.29998063554e-09
1.05 2.44950737758e-09
1.1 2.62195040723e-09
1.15 2.82479106022e-09
1.2 3.06883438045e-09
1.25 3.37038343757e-09
1.3 3.7553866306e-09
1.35 4.26801782035e-09
1.4 4.99043932316e-09
1.45 6.09726840621e-09
1.5 1.53548363833e-08
1.55 3.11957317343e-08
1.6 0.00143513417238
1.65 0.0225124028479
1.7 0.128234472946
1.75 0.129174032425
1.8 0.267108421669
1.85 0.34502175254
1.9 0.345022136635
1.95 0.359298661234
2.0 0.386501852956
-0.643272692419 -0.643272692419