0 0.0
0.05 8.62784125387e-11
0.1 1.70905860824e-10
0.15 2.55131685272e-10
0.2 3.40167357138e-10
0.25 4.27246805454e-10
0.3 5.17687622373e-10
0.35 6.12959515165e-10
0.4 7.14807605604e-10
0.45 8.25293705246e-10
0.5 9.47686142691e-10
0.55 1.08530203351e-09
0.6 1.2421544067e-09
0.65 1.42415638027e-09
0.7 1.63955046402e-09
0.75 1.90019788875e-09
0.8 2.23191950711e-09
0.85 2.65761778874e-09
0.9 3.22039087385e-09
0.95 3.98678111924e-09
1.0 5.027424537e-09
1.05 6.12195203174e-09
1.1 9.93847218102e-09
1.15 0.0287053911256
1.2 0.0723235032003
1.25 0.108142409539
1.3 0.108142707061
1.35 0.118056324061
1.4 0.177844889863
1.45 0.198527132102
1.5 0.230992642167
1.55 0.250909193388
1.6 0.250909210194
1.65 0.348763592905
1.7 0.363230597982
1.75 0.363777964391
1.8 0.380001932177
1.85 0.390896321492
1.9 0.542962867781
1.95 0.54328253484
2.0 0.543282568587
0.0 0.0