0 0.0
0.05 1.13995444913e-09
0.1 1.85246543492e-09
0.15 2.33889641696e-09
0.2 2.6923242793e-09
0.25 2.96133782537e-09
0.3 3.17372185405e-09
0.35 3.34649753726e-09
0.4 3.49067162412e-09
0.45 3.61369651359e-09
0.5 3.7207526751e-09
0.55 3.81561710854e-09
0.6 3.90111052136e-09
0.65 3.97925725328e-09
0.7 4.05182110955e-09
0.75 4.12054318948e-09
0.8 4.18659518979e-09
0.85 4.25101128442e-09
0.9 4.31474699784e-09
0.95 4.37872000451e-09
1.0 4.44385448741e-09
1.05 4.51112596834e-09
1.1 4.58160932722e-09
1.15 4.65653676247e-09
1.2 4.73737168605e-09
1.25 4.82591007128e-09
1.3 4.92442259431e-09
1.35 5.03599909443e-09
1.4 5.16451653985e-09
1.45 5.31118783235e-09
1.5 5.47289133372e-09
1.55 8.58215935995e-09
1.6 5.67480116906e-09
1.65 6.26922071291e-09
1.7 6.83260992754e-09
1.75 7.72877464964e-09
1.8 1.07375271588e-08
1.85 0.103831610604
1.9 0.118655092738
1.95 0.142285447898
2.0 0.146887270209
0.0 0.0