0 0.0
0.05 -5.685198765e-08
0.1 -5.43454503904e-08
0.15 -5.18835026308e-08
0.2 9.96971859549e-11
0.25 -4.70946317639e-08
0.3 -4.47681261577e-08
0.35 -4.24870122089e-08
0.4 -4.02512882968e-08
0.45 -3.80608014634e-08
0.5 -3.59153386457e-08
0.55 -3.38145120863e-08
0.6 -3.17578675686e-08
0.65 -2.9744796531e-08
0.7 -2.77745663217e-08
0.75 -2.5846319691e-08
0.8 -2.39590685364e-08
0.85 -2.21116839675e-08
0.9 -2.03029168531e-08
0.95 -1.85313828158e-08
1.0 -1.67955676567e-08
1.05 -1.50938458296e-08
1.1 -1.34244733831e-08
1.15 -1.1786414401e-08
1.2 -1.01750786458e-08
1.25 -8.58866182282e-09
1.3 -7.025341668e-09
1.35 -5.48320439846e-09
1.4 -3.9602623669e-09
1.45 -2.4544796527e-09
1.5 -9.63763741752e-10
1.55 5.13996605093e-10
1.6 1.98090848534e-09
1.65 3.43912765996e-09
1.7 4.89074176337e-09
1.75 6.33783892036e-09
1.8 7.78245389186e-09
1.85 9.22655684032e-09
1.9 1.06720346389e-08
1.95 1.21207066796e-08
2.0 1.35742484488e-08
0.0 0.0