0 0.0
0.05 6.57037361267e-10
0.1 1.11266207164e-09
0.15 1.43777207992e-09
0.2 1.68236599986e-09
0.25 1.87753092747e-09
0.3 2.03825710284e-09
0.35 2.17432434461e-09
0.4 2.29259987218e-09
0.45 2.39690825168e-09
0.5 2.49066643871e-09
0.55 2.57644870546e-09
0.6 2.65597498091e-09
0.65 2.73072714205e-09
0.7 2.80076784349e-09
0.75 2.87467178214e-09
0.8 2.95227169411e-09
0.85 3.03462875459e-09
0.9 3.12246599776e-09
0.95 3.2168041104e-09
1.0 3.31892619415e-09
1.05 3.43034478211e-09
1.1 3.55270838168e-09
1.15 3.68747802623e-09
1.2 3.83484551929e-09
1.25 3.99000817595e-09
1.3 4.14520085051e-09
1.35 4.22164416639e-09
1.4 4.50156799474e-09
1.45 4.84103754484e-09
1.5 5.21317439439e-09
1.55 4.50875436323e-09
1.6 4.98845265727e-09
1.65 4.54541744674e-09
1.7 5.4973327144e-09
1.75 1.12196658504e-08
1.8 0.0207754250595
1.85 0.16761370622
1.9 0.171582399504
1.95 0.198818364738
2.0 0.297790113998
0.0 0.0