0 0.0
0.05 5.19359295186e-09
0.1 3.2908988378e-08
0.15 0.0094448919791
0.2 0.029777736931
0.25 0.071884594138
0.3 0.140810248525
0.35 0.144842031215
0.4 0.204465605802
0.45 0.294152813382
0.5 0.330124075702
0.55 0.345538788811
0.6 0.350465701265
0.65 0.38455393251
0.7 0.408355213345
0.75 0.547248815606
0.8 0.553220892698
0.85 0.631108269716
0.9 0.688584931075
0.95 0.74222297511
1.0 0.836934179528
1.05 0.836934208025
1.1 0.837778761432
1.15 0.837778772016
1.2 0.852567806176
1.25 0.852567909279
1.3 0.941640158622
1.35 1.00099764694
1.4 1.00490125638
1.45 1.01013759112
1.5 1.13293871452
1.55 1.13962701761
1.6 1.25133053795
1.65 1.35874093565
1.7 1.44864699322
1.75 1.51229420642
1.8 1.52171811981
1.85 1.53028888191
1.9 1.58414374693
1.95 1.68367857297
2.0 1.83657210663
0.0 0.0