0 0.0
0.05 1.41140481101e-08
0.1 4.36127945552e-11
0.15 5.7348372189e-11
0.2 7.72184445266e-11
0.25 9.78205089739e-11
0.3 2.41428518053e-08
0.35 2.63015693028e-08
0.4 2.85165838514e-08
0.45 1.87639995645e-10
0.5 2.08603073606e-10
0.55 3.5514950706e-08
0.6 2.56967982203e-10
0.65 2.82141468426e-10
0.7 4.30173798719e-08
0.75 3.362075007e-10
0.8 3.60268056714e-10
0.85 3.87506967308e-10
0.9 4.15073605243e-10
0.95 5.65666830017e-08
1.0 4.71800281763e-10
1.05 5.02034973354e-10
1.1 5.3376383386e-10
1.15 5.60080010571e-10
1.2 5.91288014583e-10
1.25 6.19485366704e-10
1.3 6.50079935499e-10
1.35 6.93947531778e-10
1.4 7.12047005277e-10
1.45 7.45900149764e-10
1.5 7.7484673674e-10
1.55 8.0394902736e-10
1.6 8.34936093393e-10
1.65 9.88425313931e-08
1.7 9.0428156167e-10
1.75 9.27353497145e-10
1.8 9.57935182315e-10
1.85 9.98297588991e-10
1.9 1.01908597724e-09
1.95 1.17095010358e-07
2.0 1.07802155824e-09
0.0 0.0