0 0.0
0.05 -3.94454863393e-09
0.1 -2.26714961355e-09
0.15 -5.93191232516e-10
0.2 1.08068045136e-09
0.25 2.75684652561e-09
0.3 4.43759731081e-09
0.35 6.12525455419e-09
0.4 7.82214414668e-09
0.45 9.53056912632e-09
0.5 1.12528044443e-08
0.55 2.23468333902e-10
0.6 1.47475749105e-08
0.65 1.65243921553e-08
0.7 1.83235326152e-08
0.75 2.01469193264e-08
0.8 2.19963431854e-08
0.85 2.38734748825e-08
0.9 2.57798480535e-08
0.95 2.77168404504e-08
1.0 2.96856920093e-08
1.05 3.16874615279e-08
1.1 3.37230733545e-08
1.15 3.57932809683e-08
1.2 3.78986630643e-08
1.25 4.00396813249e-08
1.3 4.22166615153e-08
1.35 4.44297805611e-08
1.4 4.66791651673e-08
1.45 4.89648331e-08
1.5 5.12868024975e-08
1.55 5.36450748564e-08
1.6 5.60396871824e-08
1.65 5.84707598232e-08
1.7 6.09385681794e-08
1.75 6.34435749125e-08
1.8 6.59760432717e-08
1.85 6.85451988044e-08
1.9 7.11529104095e-08
1.95 7.28796234502e-08
2.0 7.43336081481e-08
0.0 0.0