0 0.0
0.05 2.08634254872e-08
0.1 5.26946264401e-11
0.15 2.56279215627e-08
0.2 2.76391179388e-08
0.25 2.94187712524e-08
0.3 3.09751445604e-08
0.35 3.23178473427e-08
0.4 3.40900377926e-08
0.45 3.60130038568e-08
0.5 3.78601042739e-08
0.55 3.96360017585e-08
0.6 4.13448350001e-08
0.65 4.2992024718e-08
0.7 4.4593197468e-08
0.75 4.61370295302e-08
0.8 4.7622236321e-08
0.85 4.90470015158e-08
0.9 5.04077800056e-08
0.95 5.16995152799e-08
1.0 5.29145950945e-08
1.05 5.40422593343e-08
1.1 5.50690794632e-08
1.15 5.59779837483e-08
1.2 5.67475421098e-08
1.25 5.73508648904e-08
1.3 5.77540124613e-08
1.35 5.79136084089e-08
1.4 5.77728670459e-08
1.45 5.72548724542e-08
1.5 5.62501069612e-08
1.55 5.47333111056e-08
1.6 5.24720936701e-08
1.65 4.9004926006e-08
1.7 4.35140891097e-08
1.75 4.34153056283e-08
1.8 4.43597511501e-08
1.85 4.55975534552e-08
1.9 4.77722602032e-08
1.95 4.98034111174e-08
2.0 5.09395902681e-08
0.424571076038 0.424571076038