0 0.0
0.05 1.70467541102e-11
0.1 -3.01523589777e-09
0.15 1.70742562045e-08
0.2 1.8850510311e-08
0.25 2.06475998319e-08
0.3 2.24671307929e-08
0.35 2.43095696131e-08
0.4 1.4170468544e-10
0.45 1.62620085338e-10
0.5 1.81143095388e-10
0.55 1.97292802905e-10
0.6 3.38487777489e-08
0.65 3.58196980506e-08
0.7 3.78096618897e-08
0.75 2.83566243091e-10
0.8 3.03989967082e-10
0.85 3.29249722403e-10
0.9 3.5513593785e-10
0.95 3.82004130501e-10
1.0 5.28148323069e-08
1.05 5.56827250879e-08
1.1 4.67904201132e-10
1.15 4.98287247775e-10
1.2 5.29994545192e-10
1.25 5.62075407465e-10
1.3 5.95605594786e-10
1.35 6.29602436857e-10
1.4 6.64990269939e-10
1.45 7.01545315248e-10
1.5 7.39266408571e-10
1.55 7.78161695547e-10
1.6 8.17940097282e-10
1.65 8.58848127576e-10
1.7 9.00843711156e-10
1.75 9.44014650701e-10
1.8 9.88235824967e-10
1.85 1.0335762378e-09
1.9 1.08004644735e-09
1.95 1.12756186105e-09
2.0 1.17624110578e-09
0.0 0.0