0 0.0
0.05 -3.26621796779e-08
0.1 4.31053035099e-11
0.15 6.36214599672e-11
0.2 8.60540722049e-11
0.25 1.06431750694e-10
0.3 1.26918549818e-10
0.35 1.47313670794e-10
0.4 1.6666661269e-10
0.45 1.87730132987e-10
0.5 2.07781861501e-10
0.55 2.27643917153e-10
0.6 2.47462280771e-10
0.65 2.67245027583e-10
0.7 2.86977886075e-10
0.75 3.06801600238e-10
0.8 3.26653441003e-10
0.85 3.46725653526e-10
0.9 3.66727380625e-10
0.95 3.87070642797e-10
1.0 4.07610540384e-10
1.05 4.28466598682e-10
1.1 4.49695539708e-10
1.15 4.71311122766e-10
1.2 4.93359342396e-10
1.25 5.15971435121e-10
1.3 5.39085001011e-10
1.35 5.62830046992e-10
1.4 5.87105906689e-10
1.45 6.1218023772e-10
1.5 6.37937489283e-10
1.55 6.64545476547e-10
1.6 6.92145599742e-10
1.65 7.20245541383e-10
1.7 7.49424147951e-10
1.75 7.7956113751e-10
1.8 8.10601591417e-10
1.85 8.42762889239e-10
1.9 8.75797875284e-10
1.95 9.09925284064e-10
2.0 9.44957706952e-10
0.0 0.0