0 0.0
0.05 1.13917491316e-10
0.1 2.34966114715e-10
0.15 3.63093838915e-10
0.2 4.96145501593e-10
0.25 6.27082863805e-10
0.3 7.38021197539e-10
0.35 7.88049849721e-10
0.4 6.95196779593e-10
0.45 7.63092867711e-09
0.5 7.68786857269e-09
0.55 1.13779962794e-08
0.6 3.9814439702e-09
0.65 0.0111962453808
0.7 0.126859114816
0.75 0.126859286946
0.8 0.131161337923
0.85 0.143832475983
0.9 0.217635793389
0.95 0.217635873769
1.0 0.222544162603
1.05 0.227756340879
1.1 0.271416621741
1.15 0.283259273048
1.2 0.318127974499
1.25 0.318128705491
1.3 0.318128695629
1.35 0.345133899971
1.4 0.432698361248
1.45 0.452157852507
1.5 0.452158581674
1.55 0.506813092595
1.6 0.516135750141
1.65 0.554332800256
1.7 0.600902297837
1.75 0.60090313473
1.8 0.688145457354
1.85 0.704510614754
1.9 0.728603488772
1.95 0.782087557463
2.0 0.813880235128
0.0 0.0