0 0.0
0.05 8.43641112357e-11
0.1 1.67462514903e-10
0.15 2.50501783964e-10
0.2 3.34690771259e-10
0.25 4.21301007189e-10
0.3 5.11734465734e-10
0.35 6.0760676387e-10
0.4 7.1085686173e-10
0.45 8.23901726719e-10
0.5 9.49863514365e-10
0.55 1.09292278084e-09
0.6 1.25889335378e-09
0.65 1.45621254329e-09
0.7 1.69777006087e-09
0.75 2.00457795215e-09
0.8 2.4138962822e-09
0.85 2.99836202519e-09
0.9 3.88627787984e-09
0.95 5.43247969274e-09
1.0 1.07815414731e-08
1.05 6.2342778584e-08
1.1 0.042055878643
1.15 0.277454557988
1.2 0.506818086287
1.25 0.556179436689
1.3 0.566324120602
1.35 0.567580044634
1.4 0.567580451431
1.45 0.577091453058
1.5 0.577092731452
1.55 0.695301887482
1.6 0.72454920844
1.65 0.827309266305
1.7 1.07944455156
1.75 1.15560226351
1.8 1.17461887307
1.85 1.17461889904
1.9 1.19213621692
1.95 1.2420037868
2.0 1.45891370255
0.0 0.0