0 0.0
0.05 2.59195095406e-10
0.1 3.27961415005e-10
0.15 1.02403044488e-10
0.2 1.07225667661e-08
0.25 1.26273345651e-09
0.3 0.0267244393879
0.35 0.0372861830375
0.4 0.257941819696
0.45 0.257942038443
0.5 0.306186231186
0.55 0.323335616498
0.6 0.323335621859
0.65 0.376590671116
0.7 0.392271766528
0.75 0.407937652255
0.8 0.441017573047
0.85 0.447862457147
0.9 0.456765309904
0.95 0.548115514221
1.0 0.606125359389
1.05 0.664740079156
1.1 0.755760368333
1.15 1.03574360263
1.2 1.04952057645
1.25 1.06827497301
1.3 1.06827525994
1.35 1.08230708908
1.4 1.09754421696
1.45 1.11700233418
1.5 1.2668126261
1.55 1.27566005673
1.6 1.30903326652
1.65 1.32372595153
1.7 1.34703539221
1.75 1.34703544123
1.8 1.35778408486
1.85 1.37386475773
1.9 1.38988076275
1.95 1.48339848221
2.0 1.49631224265
0.0 0.0