0 0.0
0.05 -1.15941268466e-08
0.1 -1.00501850069e-08
0.15 -8.53958860761e-09
0.2 6.0747631813e-11
0.25 1.40965525291e-10
0.3 -4.18408030802e-09
0.35 -2.78449044574e-09
0.4 1.18271839007e-10
0.45 -4.40689022721e-11
0.5 1.3014944937e-09
0.55 2.63368390772e-09
0.6 3.95470678592e-09
0.65 5.26670359304e-09
0.7 6.57174145194e-09
0.75 7.87181448414e-09
0.8 9.16883931628e-09
0.85 1.04646434483e-08
0.9 1.17609751266e-08
0.95 1.30594956789e-08
1.0 1.4413990052e-08
1.05 1.58118834576e-08
1.1 1.7228097769e-08
1.15 1.86637037886e-08
1.2 2.01197220724e-08
1.25 2.15970586064e-08
1.3 2.30965454765e-08
1.35 2.46189061943e-08
1.4 2.61647727526e-08
1.45 2.77346732534e-08
1.5 2.93290185085e-08
1.55 3.09481575199e-08
1.6 3.25923180677e-08
1.65 3.42616345059e-08
1.7 3.59561810714e-08
1.75 3.76759424417e-08
1.8 3.94208328881e-08
1.85 4.11907290882e-08
1.9 4.29854556133e-08
1.95 4.48123867559e-08
2.0 4.6666431454e-08
0.0 0.0