0 0.0
0.05 -6.98064618332e-08
0.1 -6.53116276617e-08
0.15 -6.08598168528e-08
0.2 -5.6455014219e-08
0.25 -5.21277525589e-08
0.3 -4.78641154489e-08
0.35 -4.36570464224e-08
0.4 -3.95090035132e-08
0.45 -3.54222038368e-08
0.5 -3.13984158673e-08
0.55 -2.74390724586e-08
0.6 -2.35451973474e-08
0.65 -1.97174193639e-08
0.7 -1.59559696566e-08
0.75 -1.22606577113e-08
0.8 -8.63091176306e-09
0.85 -5.06582065185e-09
0.9 -1.57564394865e-09
0.95 1.49562007223e-09
1.0 4.52688253549e-09
1.05 7.35701721766e-09
1.1 9.98403981711e-09
1.15 1.2414079098e-08
1.2 1.46452939775e-08
1.25 1.6676690251e-08
1.3 1.85081340254e-08
1.35 2.01402823308e-08
1.4 2.15749630383e-08
1.45 2.28154652948e-08
1.5 2.38632342775e-08
1.55 2.47220249827e-08
1.6 2.53963096108e-08
1.65 2.58913301909e-08
1.7 2.62133523776e-08
1.75 2.6369445183e-08
1.8 2.63654607036e-08
1.85 2.62092305636e-08
1.9 2.59289657523e-08
1.95 2.59704401318e-08
2.0 2.59791782531e-08
0.966090294016 0.966090294016