0 0.0
0.05 8.42638720552e-11
0.1 1.68155084172e-10
0.15 2.53004497157e-10
0.2 3.40213207366e-10
0.25 4.31540979443e-10
0.3 5.2888493981e-10
0.35 6.33464509145e-10
0.4 7.48217603311e-10
0.45 8.76405150152e-10
0.5 1.02237654755e-09
0.55 1.19219289002e-09
0.6 1.39440283156e-09
0.65 1.64176320533e-09
0.7 1.95388865523e-09
0.75 2.36185123418e-09
0.8 2.91598998447e-09
0.85 3.60635153993e-09
0.9 4.42608547332e-09
0.95 5.64823256834e-09
1.0 7.93471802419e-09
1.05 0.0317016930489
1.1 0.08287377085
1.15 0.126950814807
1.2 0.126951690369
1.25 0.156753608262
1.3 0.214788740123
1.35 0.214788768325
1.4 0.235505954675
1.45 0.235583567976
1.5 0.237739060879
1.55 0.306080594376
1.6 0.318161472488
1.65 0.470823122501
1.7 0.665569166349
1.75 0.668989685267
1.8 0.693631931451
1.85 0.782402309482
1.9 0.930573719787
1.95 0.930573845464
2.0 0.984849797499
0.0 0.0