0 0.0
0.05 -5.00594802156e-08
0.1 -4.72970164121e-08
0.15 -4.4627379371e-08
0.2 -4.20479032387e-08
0.25 -3.95559204065e-08
0.3 -3.71487294862e-08
0.35 -3.48236265259e-08
0.4 -3.25778829702e-08
0.45 -3.04087603028e-08
0.5 -2.83224820662e-08
0.55 -2.63155324878e-08
0.6 -2.43750327777e-08
0.65 -2.24980734199e-08
0.7 -2.06817395652e-08
0.75 -1.89231325146e-08
0.8 -1.7219326075e-08
0.85 -1.55674318123e-08
0.9 -1.39645358373e-08
0.95 -1.24077418956e-08
1.0 -1.08941644812e-08
1.05 -9.42092549979e-09
1.1 -7.98516026973e-09
1.15 -6.58402359632e-09
1.2 -5.21471354321e-09
1.25 -3.87443287672e-09
1.3 -2.56042903602e-09
1.35 -1.27000000591e-09
1.4 -4.67704937194e-13
1.45 1.25077362445e-09
1.5 2.48627835911e-09
1.55 3.70853789335e-09
1.6 4.91998472484e-09
1.65 6.12295200312e-09
1.7 7.31969749319e-09
1.75 8.51239071956e-09
1.8 9.70309799781e-09
1.85 1.08937574973e-08
1.9 1.20861958863e-08
1.95 1.32820902297e-08
2.0 1.44829866506e-08
0.0 0.0