0 0.0
0.05 -2.68321776209e-08
0.1 1.65266437023e-11
0.15 3.95728524373e-11
0.2 5.43691806103e-11
0.25 7.04717920096e-11
0.3 8.71588356974e-11
0.35 1.04577578429e-10
0.4 1.22628185046e-10
0.45 1.41299056147e-10
0.5 1.60577131904e-10
0.55 1.80333561926e-10
0.6 2.00545309256e-10
0.65 2.21137195021e-10
0.7 2.42076077766e-10
0.75 2.63293626628e-10
0.8 2.84774347702e-10
0.85 3.06455804106e-10
0.9 3.28300810667e-10
0.95 3.5024308389e-10
1.0 3.72247818138e-10
1.05 3.94250776455e-10
1.1 4.16177389437e-10
1.15 4.37990792115e-10
1.2 4.59637174909e-10
1.25 4.80036114848e-10
1.3 4.98687669947e-10
1.35 5.16994812518e-10
1.4 5.34970359305e-10
1.45 5.52608091233e-10
1.5 5.69822785969e-10
1.55 5.86655477209e-10
1.6 6.03036953401e-10
1.65 6.18953091614e-10
1.7 6.34290440751e-10
1.75 6.49077320602e-10
1.8 6.6323258809e-10
1.85 6.76518137751e-10
1.9 6.89119231394e-10
1.95 7.05620958e-10
2.0 7.22176701508e-10
0.0 0.0