0 0.0
0.05 3.87509000653e-11
0.1 7.9079183944e-11
0.15 9.39004380036e-08
0.2 1.59166260013e-10
0.25 2.00555245141e-10
0.3 2.43027807224e-10
0.35 2.84901127015e-10
0.4 3.35910846091e-10
0.45 3.97727940731e-10
0.5 4.61008766031e-10
0.55 5.2727959807e-10
0.6 5.96303584545e-10
0.65 6.68379292996e-10
0.7 7.42618822159e-10
0.75 8.19787333721e-10
0.8 8.99702858261e-10
0.85 9.82509236998e-10
0.9 1.06824640491e-09
0.95 1.15697500114e-09
1.0 1.24884456011e-09
1.05 1.34400725692e-09
1.1 1.44247251897e-09
1.15 1.54436183654e-09
1.2 1.64980443625e-09
1.25 1.75896597557e-09
1.3 1.87192159785e-09
1.35 1.98877909869e-09
1.4 2.10971712697e-09
1.45 2.23484707812e-09
1.5 2.36434518894e-09
1.55 2.49839056338e-09
1.6 2.63705355617e-09
1.65 2.78063751705e-09
1.7 2.92914781625e-09
1.75 3.08292857508e-09
1.8 3.24210745359e-09
1.85 3.40688896698e-09
1.9 3.57751059688e-09
1.95 3.75414403178e-09
2.0 3.93714916715e-09
0.0 0.0