0 0.0
0.05 8.77691708482e-11
0.1 1.73183591011e-10
0.15 2.57563267734e-10
0.2 3.42165667327e-10
0.25 4.28248986836e-10
0.3 5.17134967885e-10
0.35 6.10277755521e-10
0.4 7.09255681884e-10
0.45 8.15791097555e-10
0.5 9.32518885785e-10
0.55 1.06254340918e-09
0.6 1.20993699681e-09
0.65 1.38020257333e-09
0.7 1.58100915438e-09
0.75 1.82340770863e-09
0.8 2.12394283503e-09
0.85 2.50856352811e-09
0.9 3.02050374774e-09
0.95 3.73798181702e-09
1.0 4.8192091502e-09
1.05 6.63148060405e-09
1.1 1.0067574664e-08
1.15 3.61520591798e-08
1.2 0.0444243389716
1.25 0.158595345984
1.3 0.160118186142
1.35 0.20914634601
1.4 0.334541497594
1.45 0.350913759271
1.5 0.361318472268
1.55 0.375521021503
1.6 0.475699448113
1.65 0.475702528329
1.7 0.605823678335
1.75 0.625018583291
1.8 0.64059686735
1.85 0.646454825683
1.9 0.8056010312
1.95 0.899928761544
2.0 0.900843260492
0.0 0.0