0 0.0
0.05 -1.45934281515e-08
0.1 4.16669352697e-11
0.15 -1.03466930903e-08
0.2 8.5562042709e-11
0.25 -6.29898292124e-09
0.3 -4.33656415269e-09
0.35 -2.40834826085e-09
0.4 -5.1999631554e-10
0.45 1.33138151416e-09
0.5 2.0149870746e-10
0.55 4.99579717675e-09
0.6 6.81796448334e-09
0.65 8.6390521293e-09
0.7 1.04628419232e-08
0.75 1.22927601772e-08
0.8 1.41317549868e-08
0.85 1.59850161765e-08
0.9 1.78733121728e-08
0.95 1.97859330703e-08
1.0 2.17240059058e-08
1.05 2.36879157078e-08
1.1 2.56772298119e-08
1.15 2.76906368306e-08
1.2 2.97259291786e-08
1.25 3.17799479417e-08
1.3 3.38486225545e-08
1.35 3.59270115714e-08
1.4 3.80093546977e-08
1.45 4.00892730397e-08
1.5 4.21598588446e-08
1.55 4.42139115858e-08
1.6 4.63594065619e-08
1.65 4.88557765121e-08
1.7 5.13826261454e-08
1.75 5.39359005708e-08
1.8 5.65152574748e-08
1.85 5.91258207097e-08
1.9 6.17531494835e-08
1.95 6.43938549442e-08
2.0 6.70448262068e-08
0.0 0.0