0 0.0
0.05 1.83746660468e-10
0.1 3.39527072103e-10
0.15 4.74289861238e-10
0.2 5.92802101843e-10
0.25 6.97355917045e-10
0.3 7.92350563532e-10
0.35 8.7983514583e-10
0.4 9.61428369798e-10
0.45 1.03844212935e-09
0.5 1.1119682819e-09
0.55 1.18295554005e-09
0.6 1.25224922059e-09
0.65 1.32049117848e-09
0.7 1.38840762777e-09
0.75 1.45670485071e-09
0.8 1.52606843152e-09
0.85 1.59718910856e-09
0.9 1.67076077087e-09
0.95 1.75515896729e-09
1.0 1.87687559559e-09
1.05 2.02236891534e-09
1.1 2.2007696732e-09
1.15 2.4262523787e-09
1.2 2.72349454907e-09
1.25 3.12123966593e-09
1.3 3.65403639899e-09
1.35 4.49135515417e-09
1.4 5.90279928259e-09
1.45 9.79312784561e-09
1.5 2.20777458522e-08
1.55 0.0285162404222
1.6 0.101941565835
1.65 0.101960087571
1.7 0.125126139833
1.75 0.185598522117
1.8 0.194354178809
1.85 0.241466610479
1.9 0.37773461147
1.95 0.402466352716
2.0 0.402466682858
0.0 0.0