0 0.0
0.05 8.43813792808e-09
0.1 1.15880242029e-08
0.15 1.23515509285e-08
0.2 1.27204280839e-08
0.25 1.29735409093e-08
0.3 1.31593622217e-08
0.35 1.33025117341e-08
0.4 1.34172777896e-08
0.45 1.35117721965e-08
0.5 1.35915763552e-08
0.55 1.36604886307e-08
0.6 1.37211928974e-08
0.65 1.37756525024e-08
0.7 1.38253514763e-08
0.75 1.38714417775e-08
0.8 1.39148627851e-08
0.85 1.3956400874e-08
0.9 1.39967388081e-08
0.95 1.40364942819e-08
1.0 1.40762519422e-08
1.05 1.41167641346e-08
1.1 1.41589357825e-08
1.15 1.4204067707e-08
1.2 1.42536255381e-08
1.25 1.43120861932e-08
1.3 1.43768482066e-08
1.35 1.44333184469e-08
1.4 1.44800989026e-08
1.45 1.87900847034e-08
1.5 1.76274291673e-08
1.55 1.44438288099e-08
1.6 1.46990678677e-08
1.65 1.48556892693e-08
1.7 1.50396869548e-08
1.75 1.52683779514e-08
1.8 1.55736407113e-08
1.85 1.60622648241e-08
1.9 1.6356934555e-08
1.95 2.8063325067e-08
2.0 0.120447676625
0.0 0.0