0 0.0
0.05 -1.06105657663e-07
0.1 -9.4931662406e-08
0.15 -8.37337730403e-08
0.2 -7.27323678715e-08
0.25 -6.21877086077e-08
0.3 -5.46116551772e-08
0.35 -4.97840085406e-08
0.4 -4.563365609e-08
0.45 -4.20142541938e-08
0.5 -3.88044134117e-08
0.55 -3.59134131322e-08
0.6 -3.3247751427e-08
0.65 -3.07356103624e-08
0.7 -2.83267022824e-08
0.75 -2.5980212405e-08
0.8 -2.36630299522e-08
0.85 -2.13480972691e-08
0.9 -1.90130400729e-08
0.95 -1.66389410028e-08
1.0 -1.4209508202e-08
1.05 -1.17103117758e-08
1.1 -9.12826619154e-09
1.15 -6.45123326287e-09
1.2 -3.6677866716e-09
1.25 -7.66993017709e-10
1.3 2.26167956585e-09
1.35 5.42849920571e-09
1.4 8.74346673535e-09
1.45 1.22162653465e-08
1.5 1.58623032556e-08
1.55 1.94354698516e-08
1.6 2.25059855127e-08
1.65 2.55080342543e-08
1.7 2.84404522363e-08
1.75 3.1296789868e-08
1.8 3.40689759737e-08
1.85 3.67510669536e-08
1.9 3.933710397e-08
1.95 4.18210941433e-08
2.0 4.41971663989e-08
0.0400757979266 0.0400757979266