0 0.0
0.05 -3.32394215522e-11
0.1 2.27331189443e-11
0.15 3.59540103137e-11
0.2 5.03232082939e-11
0.25 6.22400354518e-11
0.3 8.01909897179e-11
0.35 9.62298272267e-11
0.4 1.12789327611e-10
0.45 1.29818672989e-10
0.5 1.47397419207e-10
0.55 1.65388166346e-10
0.6 1.83707620623e-10
0.65 2.021736442e-10
0.7 2.2089349699e-10
0.75 2.39797324402e-10
0.8 2.58880638491e-10
0.85 2.78113214245e-10
0.9 2.96262344264e-10
0.95 3.12068008445e-10
1.0 3.28260975348e-10
1.05 3.44780719705e-10
1.1 3.61622302802e-10
1.15 3.78749447319e-10
1.2 3.96185908161e-10
1.25 4.13884218964e-10
1.3 4.31684372369e-10
1.35 4.49733367692e-10
1.4 4.68003343316e-10
1.45 4.86495513684e-10
1.5 5.0519728539e-10
1.55 5.2409186557e-10
1.6 5.43142676571e-10
1.65 5.62364348709e-10
1.7 5.81719888323e-10
1.75 6.0124741405e-10
1.8 6.20871035811e-10
1.85 6.4134871408e-10
1.9 6.62292998796e-10
1.95 6.83367152794e-10
2.0 7.04555471405e-10
0.0 0.0