0 0.0
0.05 1.19885972687e-10
0.1 2.29028616536e-10
0.15 3.29915899361e-10
0.2 4.24565263398e-10
0.25 5.14665771716e-10
0.3 6.01665211425e-10
0.35 6.86932778391e-10
0.4 7.71751041021e-10
0.45 8.57365595444e-10
0.5 9.45074987697e-10
0.55 1.03630060396e-09
0.6 1.13267262028e-09
0.65 1.23614484083e-09
0.7 1.34915906347e-09
0.75 1.47489314574e-09
0.8 1.61765352687e-09
0.85 1.78351993411e-09
0.9 1.98142374689e-09
0.95 2.22492733509e-09
1.0 2.5349504098e-09
1.05 2.94287205744e-09
1.1 3.49101571836e-09
1.15 4.20714582476e-09
1.2 4.96996960305e-09
1.25 5.79004890119e-09
1.3 9.16109175894e-09
1.35 3.60926189343e-08
1.4 1.37216254735e-08
1.45 0.00951967795688
1.5 0.112489177661
1.55 0.118740199004
1.6 0.243113240899
1.65 0.330083173628
1.7 0.336638220158
1.75 0.342441104996
1.8 0.356914940244
1.85 0.358907326215
1.9 0.387733924253
1.95 0.469567480468
2.0 0.602736513455
0.0 0.0