0 0.0
0.05 1.65199039541e-11
0.1 3.36094319169e-11
0.15 -1.78717270069e-08
0.2 6.86442164091e-11
0.25 -1.4388414664e-08
0.3 1.0360765604e-10
0.35 1.21531991884e-10
0.4 1.3899313746e-10
0.45 1.57382201339e-10
0.5 1.75403088724e-10
0.55 1.93834097584e-10
0.6 -1.77292569897e-09
0.65 2.30969921975e-10
0.7 2.49864871894e-10
0.75 2.68929267738e-10
0.8 2.88349537325e-10
0.85 3.07967302469e-10
0.9 3.27880818847e-10
0.95 3.48055056223e-10
1.0 3.68553098131e-10
1.05 3.89374466181e-10
1.1 4.10553898643e-10
1.15 4.32080345446e-10
1.2 4.53956045361e-10
1.25 4.76200148391e-10
1.3 4.98832091758e-10
1.35 5.21803018994e-10
1.4 5.4510658688e-10
1.45 5.68848942546e-10
1.5 5.92819163592e-10
1.55 6.17075506631e-10
1.6 6.41625246553e-10
1.65 6.6644306592e-10
1.7 6.9138003471e-10
1.75 7.16429928682e-10
1.8 7.41405223229e-10
1.85 7.66512639343e-10
1.9 7.91421095083e-10
1.95 8.16114527574e-10
2.0 8.40548259442e-10
0.0 0.0