0 0.0
0.05 2.05437887738e-11
0.1 2.45632544712e-08
0.15 2.66924654012e-08
0.2 2.88598776473e-08
0.25 3.10679124259e-08
0.3 3.33186077981e-08
0.35 1.52075156996e-10
0.4 3.7954011299e-08
0.45 4.03406195995e-08
0.5 4.27736888605e-08
0.55 4.52589569716e-08
0.6 3.11182575307e-10
0.65 5.03668731481e-08
0.7 5.29839215262e-08
0.75 5.56404614284e-08
0.8 5.83341984339e-08
0.85 6.10625770338e-08
0.9 6.38228323802e-08
0.95 6.66120410387e-08
1.0 6.942723354e-08
1.05 7.22653518504e-08
1.1 7.51233592727e-08
1.15 7.79982912967e-08
1.2 8.12685717497e-08
1.25 8.45835281931e-08
1.3 8.79361371029e-08
1.35 9.13239264764e-08
1.4 9.47445646486e-08
1.45 9.81957995907e-08
1.5 1.01675558604e-07
1.55 1.05181841144e-07
1.6 1.08712797478e-07
1.65 1.12266705175e-07
1.7 1.15892833146e-07
1.75 1.1955095729e-07
1.8 1.2322935558e-07
1.85 1.26926553185e-07
1.9 1.30641083322e-07
1.95 1.34371629185e-07
2.0 1.38116885047e-07
0.0 0.0