0 0.0
0.05 3.36932685888e-11
0.1 1.10666853106e-07
0.15 4.90827308924e-10
0.2 1.40823716046e-10
0.25 2.48617929978e-10
0.3 2.14609532137e-10
0.35 2.51241694973e-10
0.4 2.88581017995e-10
0.45 3.25808067771e-10
0.5 3.63705013632e-10
0.55 4.01800269127e-10
0.6 4.40566364289e-10
0.65 4.83710519902e-10
0.7 5.16012708808e-10
0.75 1.59177204636e-07
0.8 5.91790453241e-10
0.85 1.66601942296e-07
0.9 1.70271917541e-07
0.95 1.73873694575e-07
1.0 7.36006094483e-10
1.05 7.70372892521e-10
1.1 8.03560768479e-10
1.15 1.87288353991e-07
1.2 1.90316249321e-07
1.25 1.93181493867e-07
1.3 1.95818644322e-07
1.35 1.98186610017e-07
1.4 2.00329883116e-07
1.45 2.02234225979e-07
1.5 2.0388646773e-07
1.55 2.05274976711e-07
1.6 2.06389808157e-07
1.65 2.07223028688e-07
1.7 2.07774657086e-07
1.75 2.08080081236e-07
1.8 2.08094203415e-07
1.85 2.07818006088e-07
1.9 2.07255545838e-07
1.95 2.06414169372e-07
2.0 2.05304438274e-07
0.0 0.0