0 0.0
0.05 6.90025576157e-10
0.1 1.92429662909e-09
0.15 3.71939587765e-11
0.2 4.99378813662e-11
0.25 6.38410413322e-11
0.3 7.76322357889e-11
0.35 9.17707381152e-11
0.4 1.06244420921e-10
0.45 1.21109876821e-10
0.5 1.36279339736e-10
0.55 1.51841843836e-10
0.6 1.6771735568e-10
0.65 1.83942537829e-10
0.7 2.00497266842e-10
0.75 2.17403936603e-10
0.8 2.34607690315e-10
0.85 2.52149848263e-10
0.9 2.70028361206e-10
0.95 2.8818034577e-10
1.0 3.06615723128e-10
1.05 3.25310292772e-10
1.1 3.44249564253e-10
1.15 3.63435489754e-10
1.2 3.82798164731e-10
1.25 4.02352502477e-10
1.3 4.22110075016e-10
1.35 4.42061831739e-10
1.4 4.62077205244e-10
1.45 4.82138082703e-10
1.5 5.02225918749e-10
1.55 5.22261670433e-10
1.6 5.42227388933e-10
1.65 5.62029448447e-10
1.7 5.81637181874e-10
1.75 6.00973024559e-10
1.8 6.19966693638e-10
1.85 6.38539494836e-10
1.9 6.56596040169e-10
1.95 6.74090563374e-10
2.0 6.90872159864e-10
0.0 0.0