0 0.0
0.05 5.73057284264e-09
0.1 0.0271123626862
0.15 0.0346664956041
0.2 0.0935404029442
0.25 0.110096516006
0.3 0.13539736044
0.35 0.151872087191
0.4 0.151872095763
0.45 0.180011723946
0.5 0.301574167734
0.55 0.329936002012
0.6 0.32993611952
0.65 0.3778578856
0.7 0.382762597694
0.75 0.457125927394
0.8 0.457345862502
0.85 0.457346075721
0.9 0.4929949747
0.95 0.492995063227
1.0 0.52081216115
1.05 0.576705458464
1.1 0.591511389471
1.15 0.684700893921
1.2 0.877715628445
1.25 0.959539283601
1.3 1.11802593289
1.35 1.12466732792
1.4 1.12466734539
1.45 1.12466868937
1.5 1.15706407374
1.55 1.18440307757
1.6 1.20405829554
1.65 1.23820483772
1.7 1.23820488299
1.75 1.23820698826
1.8 1.34708628871
1.85 1.40092713558
1.9 1.45239241397
1.95 1.45239242735
2.0 1.45239243238
0.0 0.0