0 0.0
0.05 1.53948184622e-08
0.1 1.71622737452e-08
0.15 1.89212998443e-08
0.2 2.06708948128e-08
0.25 2.24095972074e-08
0.3 2.41369953662e-08
0.35 2.58510081918e-08
0.4 2.75491473877e-08
0.45 2.92286069812e-08
0.5 3.08862832238e-08
0.55 3.25188419914e-08
0.6 3.41227535164e-08
0.65 3.57564718745e-08
0.7 3.78431450232e-08
0.75 3.99641090153e-08
0.8 4.21185320296e-08
0.85 4.43054588799e-08
0.9 4.65237049944e-08
0.95 4.87718997171e-08
1.0 5.10546442598e-08
1.05 5.33800432872e-08
1.1 5.57325544471e-08
1.15 5.81099490463e-08
1.2 6.05096976216e-08
1.25 6.29593112113e-08
1.3 6.54302657271e-08
1.35 6.79168555427e-08
1.4 7.04147955408e-08
1.45 7.29191727326e-08
1.5 7.54247537252e-08
1.55 7.79265107057e-08
1.6 8.04145122996e-08
1.65 8.28797701787e-08
1.7 8.53117470109e-08
1.75 8.76982012742e-08
1.8 9.00248401436e-08
1.85 9.22749562121e-08
1.9 9.44289382103e-08
1.95 9.64636754154e-08
2.0 9.83517810516e-08
0.0 0.0