0 0.0
0.05 2.92419790255e-10
0.1 6.58932263301e-10
0.15 1.12791487993e-09
0.2 1.66513479252e-09
0.25 2.1742702032e-09
0.3 2.96763439848e-09
0.35 1.42343660193e-08
0.4 9.49493300371e-09
0.45 0.0457249064625
0.5 0.0577053468703
0.55 0.168236593294
0.6 0.168236975025
0.65 0.300569384909
0.7 0.394942024766
0.75 0.39630115284
0.8 0.440487195441
0.85 0.552714398486
0.9 0.552728740571
0.95 0.565486080353
1.0 0.665053331411
1.05 0.804985199494
1.1 0.814360766205
1.15 0.850569331434
1.2 0.893965593344
1.25 0.921005262164
1.3 0.99342252275
1.35 1.03399917154
1.4 1.04248421253
1.45 1.05402261873
1.5 1.0540227409
1.55 1.10320716892
1.6 1.10320719903
1.65 1.27916125922
1.7 1.28969446633
1.75 1.34218924595
1.8 1.64598991083
1.85 1.66779975413
1.9 1.66974879253
1.95 1.67253544954
2.0 1.67890820031
0.0 0.0