0 0.0
0.05 1.4729496222e-10
0.1 3.17173941744e-10
0.15 5.17454967126e-10
0.2 7.59385604084e-10
0.25 1.05958101881e-09
0.3 1.4431531306e-09
0.35 1.94850485643e-09
0.4 2.63217943699e-09
0.45 3.54726035608e-09
0.5 5.09409587146e-09
0.55 8.84919324912e-09
0.6 0.0146243563961
0.65 0.0386184556121
0.7 0.0432973042191
0.75 0.0522222652875
0.8 0.0522236151314
0.85 0.0607080711963
0.9 0.147397684809
0.95 0.199329149725
1.0 0.234346238011
1.05 0.239477024599
1.1 0.268496965661
1.15 0.380380000181
1.2 0.404441866508
1.25 0.434669270144
1.3 0.434669375573
1.35 0.445235570552
1.4 0.445235563495
1.45 0.46135001738
1.5 0.519433412681
1.55 0.648107372038
1.6 0.661937873009
1.65 0.763926722106
1.7 0.763926790911
1.75 0.833694300521
1.8 0.858510134619
1.85 0.861568306826
1.9 0.87742666062
1.95 0.894732313204
2.0 1.01757441353
0.0 0.0