0 0.0
0.05 8.39779098404e-11
0.1 1.68771475287e-10
0.15 2.5560581952e-10
0.2 3.45792920413e-10
0.25 4.4079970727e-10
0.3 5.42332747153e-10
0.35 6.5244997656e-10
0.4 7.73716395957e-10
0.45 9.09429883597e-10
0.5 1.06396226984e-09
0.55 1.24329414599e-09
0.6 1.45589085143e-09
0.65 1.7138977177e-09
0.7 2.0362167587e-09
0.75 2.45436098453e-09
0.8 3.02279957044e-09
0.85 3.91112227089e-09
0.9 5.34821232205e-09
0.95 7.98147342628e-09
1.0 1.48374365263e-08
1.05 1.59493894336e-08
1.1 0.0237431507664
1.15 0.0720641135423
1.2 0.0867119272488
1.25 0.167597704465
1.3 0.167597784462
1.35 0.167597795885
1.4 0.167597855176
1.45 0.167598647027
1.5 0.187026531884
1.55 0.205950763941
1.6 0.436281047296
1.65 0.612005444458
1.7 0.620865531162
1.75 0.62411722714
1.8 0.624117722575
1.85 0.708039243456
1.9 0.737145858379
1.95 0.896268518944
2.0 1.11129185152
0.0 0.0