0 0.0
0.05 0.00293485665862
0.1 0.0328404809006
0.15 0.0401595759636
0.2 0.06459070626
0.25 0.076368893338
0.3 0.124249347057
0.35 0.124249420283
0.4 0.167337302275
0.45 0.184698448773
0.5 0.18469853465
0.55 0.18469873154
0.6 0.190651033899
0.65 0.232269751198
0.7 0.344889783427
0.75 0.350895764598
0.8 0.350896158159
0.85 0.383714560127
0.9 0.393339404321
0.95 0.39397460023
1.0 0.393974605667
1.05 0.443452490822
1.1 0.44345245671
1.15 0.44345247035
1.2 0.443452476485
1.25 0.443452480054
1.3 0.443452482435
1.35 0.443452484303
1.4 0.443452485836
1.45 0.443452487262
1.5 0.443452487854
1.55 0.443452488431
1.6 0.443452488923
1.65 0.443452489327
1.7 0.443452491036
1.75 0.443452491546
1.8 0.443452491568
1.85 0.443452491585
1.9 0.443452491575
1.95 0.443452491579
2.0 0.443452491653
-1.51713421333 -1.51713421333