0 0.0
0.05 2.2069313559e-11
0.1 4.53707371733e-11
0.15 6.85482300562e-11
0.2 9.32818185525e-11
0.25 1.1888543814e-10
0.3 1.45395397793e-10
0.35 1.72843951699e-10
0.4 2.01227303215e-10
0.45 2.30506329944e-10
0.5 2.60855514823e-10
0.55 2.9210465377e-10
0.6 3.24329784299e-10
0.65 3.57567017762e-10
0.7 3.91681381857e-10
0.75 4.26708472858e-10
0.8 4.62695676886e-10
0.85 4.99648247501e-10
0.9 5.37221945146e-10
0.95 5.75722251252e-10
1.0 6.14918529159e-10
1.05 6.54780582287e-10
1.1 6.95257451982e-10
1.15 7.36289462527e-10
1.2 7.77804522828e-10
1.25 8.19690044478e-10
1.3 8.61909726696e-10
1.35 9.04321731326e-10
1.4 9.46868313744e-10
1.45 9.89578306521e-10
1.5 1.03237647626e-09
1.55 1.07502772411e-09
1.6 1.11741042832e-09
1.65 1.15936464187e-09
1.7 1.20074820401e-09
1.75 1.24146177359e-09
1.8 1.28129052106e-09
1.85 1.32014634736e-09
1.9 1.35777004651e-09
1.95 1.39401031025e-09
2.0 1.42867858446e-09
0.0 0.0