0 0.0
0.05 2.95573785065e-08
0.1 3.09195864172e-08
0.15 4.44592077966e-11
0.2 3.36068273015e-08
0.25 3.49330455998e-08
0.3 8.1037690923e-11
0.35 3.75532368274e-08
0.4 3.88480582379e-08
0.45 4.01331893024e-08
0.5 4.14090091814e-08
0.55 4.26757898535e-08
0.6 4.39338436562e-08
0.65 4.51834558813e-08
0.7 4.6605056698e-08
0.75 4.81998760367e-08
0.8 4.97991185108e-08
0.85 5.14021122003e-08
0.9 5.30082627064e-08
0.95 5.46169916023e-08
1.0 5.62277601079e-08
1.05 5.78400848144e-08
1.1 5.94535364214e-08
1.15 6.10677105474e-08
1.2 6.26822787191e-08
1.25 6.42969368701e-08
1.3 6.59114315675e-08
1.35 6.75255148135e-08
1.4 6.91390201079e-08
1.45 7.075176026e-08
1.5 7.23635462496e-08
1.55 7.39742248298e-08
1.6 7.55836046017e-08
1.65 7.71914299232e-08
1.7 7.87974047305e-08
1.75 8.04011637041e-08
1.8 8.20022356586e-08
1.85 8.35999641354e-08
1.9 8.51935076546e-08
1.95 8.67818264394e-08
2.0 8.83635340897e-08
0.0 0.0