0 0.0
0.05 2.82552803377e-08
0.1 7.30502325297e-11
0.15 3.55825140463e-08
0.2 3.92948000805e-08
0.25 4.30255575612e-08
0.3 4.67693062056e-08
0.35 5.05231525505e-08
0.4 5.42839693196e-08
0.45 3.3444558234e-10
0.5 6.18125939322e-08
0.55 4.61659821482e-10
0.6 6.93243931149e-08
0.65 7.30629792223e-08
0.7 7.67834928972e-08
0.75 8.04806234989e-08
0.8 8.41487313163e-08
0.85 8.77818262524e-08
0.9 9.13736595276e-08
0.95 9.49177070275e-08
1.0 9.84072137111e-08
1.05 8.15701062251e-10
1.1 8.66533733657e-10
1.15 1.13019249293e-07
1.2 1.18360993895e-07
1.25 1.23692811105e-07
1.3 1.28999629867e-07
1.35 1.34266003871e-07
1.4 1.14912479532e-09
1.45 1.20069754139e-09
1.5 1.49662762405e-07
1.55 1.3017416034e-09
1.6 1.34897049087e-09
1.65 1.6374447287e-07
1.7 1.67402294249e-07
1.75 1.46231315945e-09
1.8 1.73934882719e-07
1.85 1.76783712114e-07
1.9 1.79339990858e-07
1.95 1.8159573667e-07
2.0 1.83545345811e-07
1.05603417989 1.05603417989