0 0.0
0.05 1.63625505371e-11
0.1 3.23112632956e-11
0.15 4.86690319866e-11
0.2 1.35439123435e-08
0.25 1.51929620085e-08
0.3 1.68561314086e-08
0.35 1.1501603047e-10
0.4 2.02345618321e-08
0.45 2.19536525007e-08
0.5 2.36933889801e-08
0.55 2.54549804554e-08
0.6 2.72394429122e-08
0.65 2.90476690406e-08
0.7 3.08803359126e-08
0.75 3.27379810235e-08
0.8 3.46209664266e-08
0.85 3.65294758268e-08
0.9 3.17875770724e-10
0.95 4.04230754892e-08
1.0 4.24078149042e-08
1.05 4.44174076103e-08
1.1 4.65255126631e-08
1.15 4.1878215545e-10
1.2 5.12843528444e-08
1.25 5.37448565514e-08
1.3 5.62597253157e-08
1.35 5.18626468852e-10
1.4 5.46205347178e-10
1.45 6.4132366154e-08
1.5 6.68664041666e-08
1.55 6.28314655588e-10
1.6 6.54530523188e-10
1.65 7.54022162385e-08
1.7 7.83599367471e-08
1.75 7.43409817469e-10
1.8 9.04094680217e-10
1.85 8.75686443577e-08
1.9 8.37575105903e-10
1.95 9.40659110021e-08
2.0 9.05874896294e-10
0.0 0.0