0 0.0
0.05 2.13373729001e-08
0.1 2.32381330287e-08
0.15 2.51890626375e-08
0.2 2.71924303917e-08
0.25 9.75052653361e-11
0.3 1.18978071486e-10
0.35 1.40900257507e-10
0.4 3.57746136599e-08
0.45 1.85701770247e-10
0.5 2.09516393086e-10
0.55 2.33649621741e-10
0.6 2.58826673084e-10
0.65 2.84402446301e-10
0.7 3.10877351243e-10
0.75 3.38093182696e-10
0.8 3.66041229933e-10
0.85 3.94883257337e-10
0.9 4.24402872884e-10
0.95 4.54845363141e-10
1.0 4.86169812845e-10
1.05 5.18267009382e-10
1.1 5.51384159277e-10
1.15 5.85356423967e-10
1.2 6.20549232266e-10
1.25 6.56743185466e-10
1.3 6.94009386472e-10
1.35 7.32335678259e-10
1.4 7.71730652767e-10
1.45 8.12222520655e-10
1.5 8.5387182944e-10
1.55 8.96695651373e-10
1.6 9.40790950712e-10
1.65 9.86127846648e-10
1.7 1.03279737731e-09
1.75 1.08078782735e-09
1.8 1.13020108066e-09
1.85 1.17505638784e-09
1.9 1.2070029996e-09
1.95 1.23954599876e-09
2.0 1.27192168881e-09
0.0 0.0