0 0.0
0.05 2.96787039389e-11
0.1 5.81901193897e-11
0.15 5.79503656173e-08
0.2 1.22845067452e-10
0.25 6.42137560902e-08
0.3 2.28882246489e-10
0.35 2.23645324482e-10
0.4 2.5046120733e-10
0.45 2.83520096289e-10
0.5 8.05172588603e-08
0.55 3.50655060544e-10
0.6 8.73861036865e-08
0.65 9.03709183042e-08
0.7 9.09888131506e-08
0.75 9.14697229071e-08
0.8 9.18020537366e-08
0.85 9.19735712035e-08
0.9 9.20538754112e-08
0.95 9.28612962081e-08
1.0 9.36117028338e-08
1.05 9.48500042952e-08
1.1 9.73021343498e-08
1.15 9.97946387749e-08
1.2 1.02325514506e-07
1.25 1.04892592168e-07
1.3 1.07493428825e-07
1.35 1.10125275121e-07
1.4 1.12785039752e-07
1.45 1.15469129369e-07
1.5 1.18096030288e-07
1.55 1.20731836528e-07
1.6 1.23387360329e-07
1.65 1.2606238986e-07
1.7 1.28756283413e-07
1.75 1.31467931874e-07
1.8 1.34195357049e-07
1.85 1.36935561779e-07
1.9 1.39736574312e-07
1.95 1.42585571572e-07
2.0 1.45426860776e-07
-1.51713421333 -1.51713421333