0 0.0
0.05 1.13295623515e-09
0.1 3.26263803023e-09
0.15 8.87671366307e-09
0.2 8.00271080485e-08
0.25 0.0681801809619
0.3 0.113982646516
0.35 0.124277054547
0.4 0.20763678292
0.45 0.220043937404
0.5 0.302400314093
0.55 0.308629075388
0.6 0.404751967035
0.65 0.482853771377
0.7 0.57380159586
0.75 0.583657369189
0.8 0.734896039728
0.85 0.919245534064
0.9 0.964757015583
0.95 0.970667204743
1.0 1.02411573149
1.05 1.05579612844
1.1 1.15665497952
1.15 1.20070258295
1.2 1.20070266347
1.25 1.22656581666
1.3 1.23250861512
1.35 1.31473630383
1.4 1.31473689436
1.45 1.32135342408
1.5 1.32135346645
1.55 1.32410213931
1.6 1.35792132475
1.65 1.36076162617
1.7 1.36789262618
1.75 1.38303302981
1.8 1.38636383844
1.85 1.45383170563
1.9 1.45383227346
1.95 1.51810700599
2.0 1.52643910941
0.0 0.0