0 0.0
0.05 8.58008669053e-08
0.1 1.01465326431e-10
0.15 1.55770359201e-10
0.2 2.12853865326e-10
0.25 2.74006662616e-10
0.3 3.36065363336e-10
0.35 4.01659876356e-10
0.4 4.70190050342e-10
0.45 5.42538035312e-10
0.5 6.18263720012e-10
0.55 6.97248419925e-10
0.6 7.7949124323e-10
0.65 8.65042154958e-10
0.7 9.41479295744e-10
0.75 9.86220360072e-10
0.8 1.0318246097e-09
0.85 1.07839141496e-09
0.9 1.12601842381e-09
0.95 1.17475708023e-09
1.0 1.22463591328e-09
1.05 1.27582606557e-09
1.1 1.32831658207e-09
1.15 1.38221458981e-09
1.2 1.43763847818e-09
1.25 1.49465813699e-09
1.3 1.55334727753e-09
1.35 1.61384283804e-09
1.4 1.67618005841e-09
1.45 1.74059590632e-09
1.5 1.80705684902e-09
1.55 1.8757470105e-09
1.6 1.94680208496e-09
1.65 2.02040508615e-09
1.7 2.09659856776e-09
1.75 2.17562458534e-09
1.8 2.25760119122e-09
1.85 2.34272379176e-09
1.9 2.4311149708e-09
1.95 2.52296985161e-09
2.0 2.61926057522e-09
0.0 0.0