0 0.0
0.05 3.83217810602e-08
0.1 4.56202371391e-11
0.15 4.3039598065e-08
0.2 4.55109042344e-08
0.25 1.19813816837e-10
0.3 1.46370919333e-10
0.35 1.73332622526e-10
0.4 2.04801125094e-10
0.45 2.30536284646e-10
0.5 2.59833463596e-10
0.55 2.90857880627e-10
0.6 3.22152141804e-10
0.65 3.54701935131e-10
0.7 3.88349179786e-10
0.75 4.2308157207e-10
0.8 4.58142198735e-10
0.85 4.94258376896e-10
0.9 5.3116405754e-10
0.95 5.68922283646e-10
1.0 6.07753389065e-10
1.05 6.47206210886e-10
1.1 6.87675213785e-10
1.15 7.29030402927e-10
1.2 7.71114295798e-10
1.25 8.141698617e-10
1.3 8.5766497594e-10
1.35 9.00986349637e-10
1.4 9.44641813552e-10
1.45 9.89001196828e-10
1.5 1.03331743018e-09
1.55 1.0782222502e-09
1.6 1.12331288137e-09
1.65 1.16877314137e-09
1.7 1.21436151308e-09
1.75 1.26009858572e-09
1.8 1.30594074999e-09
1.85 1.3518450275e-09
1.9 1.39773743089e-09
1.95 1.44348569729e-09
2.0 1.48924273154e-09
0.0 0.0