0 0.0
0.05 5.22518533441e-08
0.1 7.8889727767e-07
0.15 0.00138562676559
0.2 0.0908629566268
0.25 0.10334016316
0.3 0.104665518134
0.35 0.128603485717
0.4 0.12860349602
0.45 0.128603498312
0.5 0.128603499135
0.55 0.128603499518
0.6 0.128603499739
0.65 0.128603499885
0.7 0.128603499994
0.75 0.128603500083
0.8 0.12860350015
0.85 0.128603500203
0.9 0.128603500255
0.95 0.128603500304
1.0 0.128603500323
1.05 0.12860350032
1.1 0.128603500334
1.15 0.128603500354
1.2 0.128603500372
1.25 0.128603500392
1.3 0.128603500411
1.35 0.12860350043
1.4 0.128603500447
1.45 0.128603500481
1.5 0.128603500545
1.55 0.128603500515
1.6 0.128603500518
1.65 0.128603500556
1.7 0.128603500516
1.75 0.12860350059
1.8 0.128603500799
1.85 0.128603505744
1.9 0.12860350063
1.95 0.128603500933
2.0 0.128603500952
0.0 0.0