0 0.0
0.05 2.2381117398e-10
0.1 4.0597194763e-10
0.15 5.57812862517e-10
0.2 6.87019351205e-10
0.25 7.98998110014e-10
0.3 8.97676171674e-10
0.35 9.85989246846e-10
0.4 1.06619214021e-09
0.45 1.14005335851e-09
0.5 1.20903144312e-09
0.55 1.27433804119e-09
0.6 1.33700069328e-09
0.65 1.39792733333e-09
0.7 1.45794347251e-09
0.75 1.51781808947e-09
0.8 1.57827887837e-09
0.85 1.64001684782e-09
0.9 1.7036816958e-09
0.95 1.76988843002e-09
1.0 1.83930873545e-09
1.05 1.91309639051e-09
1.1 1.99433345017e-09
1.15 2.09204546846e-09
1.2 2.23092197497e-09
1.25 2.46445776731e-09
1.3 2.73404030959e-09
1.35 2.7819291907e-09
1.4 7.37612403964e-09
1.45 1.31191667329e-08
1.5 1.00137656967e-08
1.55 2.00822236598e-07
1.6 0.0197010137911
1.65 0.0290505517841
1.7 0.151066385048
1.75 0.198410473915
1.8 0.202912756697
1.85 0.206689191365
1.9 0.216145701174
1.95 0.218772094281
2.0 0.227356997652
0.0 0.0