0 0.0
0.05 1.65751471825e-11
0.1 3.31925125607e-11
0.15 4.97677147701e-11
0.2 -3.33679207451e-08
0.25 8.29517947793e-11
0.3 -3.00587539343e-08
0.35 1.15583304141e-10
0.4 -2.67759061915e-08
0.45 1.48933107763e-10
0.5 -2.35296041203e-08
0.55 1.78812412712e-10
0.6 1.97068959373e-10
0.65 2.12701393847e-10
0.7 2.28480308406e-10
0.75 2.43956742046e-10
0.8 2.60525658693e-10
0.85 2.7465477688e-10
0.9 2.89808496395e-10
0.95 3.04762741623e-10
1.0 3.20020524517e-10
1.05 3.34430305986e-10
1.1 3.49109335025e-10
1.15 3.63142786933e-10
1.2 3.77446080723e-10
1.25 3.91704593868e-10
1.3 4.06019883331e-10
1.35 4.20291652952e-10
1.4 4.34589874035e-10
1.45 4.49099802374e-10
1.5 4.6369494031e-10
1.55 4.78415687928e-10
1.6 4.93197222801e-10
1.65 5.08144623631e-10
1.7 5.23172953144e-10
1.75 5.38319592054e-10
1.8 5.53597565062e-10
1.85 5.69008247593e-10
1.9 5.84518824512e-10
1.95 6.00247623e-10
2.0 6.16023984157e-10
0.0 0.0