0 0.0
0.05 2.46178752079e-11
0.1 4.29409436114e-11
0.15 -5.21710678634e-08
0.2 -4.92670621249e-08
0.25 1.46809854636e-10
0.3 -4.36175905154e-08
0.35 -4.08747903689e-08
0.4 -3.81874984383e-08
0.45 -9.26654372565e-09
0.5 2.82707062337e-10
0.55 -3.04558445422e-08
0.6 -2.79850989842e-08
0.65 -2.55645101366e-08
0.7 3.75591390974e-10
0.75 -2.08631235585e-08
0.8 -1.85759295995e-08
0.85 4.49715660664e-10
0.9 4.71868836451e-10
0.95 -1.1922378412e-08
1.0 -9.65622414201e-09
1.05 -7.47429855619e-09
1.1 -5.38597130837e-09
1.15 -3.38369676466e-09
1.2 -1.46018830506e-09
1.25 3.91551833955e-10
1.3 2.17820923403e-09
1.35 3.9062544478e-09
1.4 5.58476705391e-09
1.45 7.22019688896e-09
1.5 8.81809440569e-09
1.55 1.03835624182e-08
1.6 1.1921285678e-08
1.65 1.34354746224e-08
1.7 1.49298262194e-08
1.75 1.64074979884e-08
1.8 1.78710158416e-08
1.85 1.93222420773e-08
1.9 2.07622533333e-08
1.95 2.21912718636e-08
2.0 2.36085343256e-08
0.0 0.0