0 0.0
0.05 1.75613763522e-08
0.1 3.76510545863e-11
0.15 5.7413681024e-11
0.2 7.73632278335e-11
0.25 9.8775034131e-11
0.3 1.19208044605e-10
0.35 1.41018750721e-10
0.4 1.63483043626e-10
0.45 1.86445264001e-10
0.5 2.10421393474e-10
0.55 2.34428102344e-10
0.6 2.59495241994e-10
0.65 2.84997357317e-10
0.7 3.14376562451e-10
0.75 3.38433920893e-10
0.8 3.65585555548e-10
0.85 3.93776911814e-10
0.9 4.225024812e-10
0.95 4.51855272255e-10
1.0 4.8180412395e-10
1.05 5.12286644439e-10
1.1 5.43396169965e-10
1.15 5.74887293204e-10
1.2 6.06903062277e-10
1.25 6.39425972243e-10
1.3 6.72378590504e-10
1.35 7.05737211886e-10
1.4 7.39357165524e-10
1.45 7.73324466018e-10
1.5 8.07472621213e-10
1.55 8.41867162204e-10
1.6 8.76394968252e-10
1.65 9.11077752891e-10
1.7 9.45765115643e-10
1.75 9.80437764931e-10
1.8 1.01509177756e-09
1.85 1.04962185595e-09
1.9 1.08400416152e-09
1.95 1.11817266575e-09
2.0 1.15202534125e-09
0.0 0.0