0 0.0
0.05 -2.32848100991e-08
0.1 -2.15814807295e-08
0.15 5.05170890828e-11
0.2 6.81602098534e-11
0.25 8.52197788014e-11
0.3 1.02280245616e-10
0.35 1.19605103248e-10
0.4 1.36719395364e-10
0.45 1.53908120615e-10
0.5 1.71264256013e-10
0.55 1.88664233177e-10
0.6 2.06150245065e-10
0.65 2.23950965519e-10
0.7 2.41581565364e-10
0.75 2.59565774446e-10
0.8 2.77608253666e-10
0.85 2.96047282399e-10
0.9 3.14659586039e-10
0.95 3.33449654902e-10
1.0 3.52571145666e-10
1.05 3.7201729867e-10
1.1 3.9173570019e-10
1.15 4.11838134122e-10
1.2 4.32408107076e-10
1.25 4.53206653853e-10
1.3 4.7454919134e-10
1.35 4.96270686318e-10
1.4 5.1849831842e-10
1.45 5.41202974118e-10
1.5 5.64391636331e-10
1.55 5.8810922138e-10
1.6 6.12295467854e-10
1.65 6.37025166473e-10
1.7 6.62276548573e-10
1.75 6.88025004585e-10
1.8 7.14345380862e-10
1.85 7.4113588706e-10
1.9 7.68453767108e-10
1.95 7.96277004074e-10
2.0 8.24585988521e-10
0.0 0.0