0 0.0
0.05 0.0185326139801
0.1 0.0274623105668
0.15 0.0371557973723
0.2 0.0371558136913
0.25 0.0385850982639
0.3 0.0748700861899
0.35 0.109557552532
0.4 0.10955757348
0.45 0.109557577408
0.5 0.109557578987
0.55 0.109557579827
0.6 0.109557580345
0.65 0.109557580696
0.7 0.109557580945
0.75 0.109557581135
0.8 0.109557581287
0.85 0.109557581413
0.9 0.109557581522
0.95 0.109557581619
1.0 0.109557581708
1.05 0.109557581793
1.1 0.109557581875
1.15 0.109557581958
1.2 0.109557582038
1.25 0.109557582193
1.3 0.109557582548
1.35 0.109557583372
1.4 0.109557582976
1.45 0.109557583287
1.5 0.109557583713
1.55 0.109557584102
1.6 0.109557584106
1.65 0.10955758425
1.7 0.109557584491
1.75 0.109557585006
1.8 0.109557585657
1.85 0.109557585606
1.9 0.109557585339
1.95 0.109557585201
2.0 0.109557585035
0.0 0.0