0 0.0
0.05 1.08026679149e-10
0.1 2.09381088015e-10
0.15 3.05779875561e-10
0.2 3.9778581826e-10
0.25 4.881301671e-10
0.3 5.78191476002e-10
0.35 6.68907515193e-10
0.4 7.61454808486e-10
0.45 8.57179321972e-10
0.5 9.57580101843e-10
0.55 1.0643916367e-09
0.6 1.17969302938e-09
0.65 1.30605828607e-09
0.7 1.44677358434e-09
0.75 1.60616130083e-09
0.8 1.79008227952e-09
0.85 2.00674494053e-09
0.9 2.26806537839e-09
0.95 2.59207126299e-09
1.0 3.01344972285e-09
1.05 3.58667580311e-09
1.1 4.40665240961e-09
1.15 5.62908053488e-09
1.2 7.62018637748e-09
1.25 1.16234472392e-08
1.3 2.7383633394e-08
1.35 4.26993640965e-08
1.4 0.0201119640652
1.45 0.0918134309478
1.5 0.125507022602
1.55 0.182142841409
1.6 0.193039739221
1.65 0.211147072157
1.7 0.211147219576
1.75 0.217738775932
1.8 0.254457023698
1.85 0.254457213247
1.9 0.267915402358
1.95 0.274737624602
2.0 0.27562567722
0.0 0.0