0 0.0
0.05 2.06779398257e-11
0.1 -2.75106251238e-08
0.15 2.98697598074e-11
0.2 -2.36689207415e-08
0.25 -2.18195808307e-08
0.3 -2.00371181385e-08
0.35 -1.83084539343e-08
0.4 -1.66174477166e-08
0.45 -1.49618726086e-08
0.5 -1.33394231258e-08
0.55 -1.17477412755e-08
0.6 -1.01844251801e-08
0.65 -8.64702875527e-09
0.7 -7.13310600795e-09
0.75 -5.64020262498e-09
0.8 -4.16585338553e-09
0.85 -2.70762562851e-09
0.9 -1.26312475293e-09
0.95 1.70046905837e-10
1.0 1.59418558608e-09
1.05 3.011583288e-09
1.1 4.42441919461e-09
1.15 5.84914906256e-09
1.2 7.30883750365e-09
1.25 8.78523051289e-09
1.3 1.02803870664e-08
1.35 1.17963001839e-08
1.4 1.33349148543e-08
1.45 1.48981047821e-08
1.5 1.64876476752e-08
1.55 1.81052328552e-08
1.6 1.97524347063e-08
1.65 2.1430707416e-08
1.7 2.31441402253e-08
1.75 2.48973715289e-08
1.8 2.66870381046e-08
1.85 2.85140326767e-08
1.9 3.03790955484e-08
1.95 3.2282783461e-08
2.0 3.42255124276e-08
0.0 0.0