0 0.0
0.05 9.31140081957e-11
0.1 1.83717671768e-10
0.15 2.72726440728e-10
0.2 3.60583129222e-10
0.25 4.49364691254e-10
0.3 5.40170267215e-10
0.35 6.34165679637e-10
0.4 7.3265966281e-10
0.45 8.3716536288e-10
0.5 9.49482646682e-10
0.55 1.07181111964e-09
0.6 1.20691001046e-09
0.65 1.3583314874e-09
0.7 1.53077176003e-09
0.75 1.73062119571e-09
0.8 1.96686094607e-09
0.85 2.25260863892e-09
0.9 2.60771955196e-09
0.95 3.06463664678e-09
1.0 3.68186615066e-09
1.05 4.55606301665e-09
1.1 5.93459384761e-09
1.15 8.56888315865e-09
1.2 1.57818148461e-08
1.25 3.94168199096e-06
1.3 0.0540192689891
1.35 0.0818321225297
1.4 0.0818322097005
1.45 0.0851069249952
1.5 0.123166455319
1.55 0.134225371338
1.6 0.157206077583
1.65 0.15720618623
1.7 0.200764198994
1.75 0.209076924038
1.8 0.263670411861
1.85 0.263670440015
1.9 0.315560343344
1.95 0.316686309259
2.0 0.357568157995
0.0 0.0