0 0.0
0.05 1.52583752215e-10
0.1 2.84525503742e-10
0.15 4.01049553131e-10
0.2 5.05963297246e-10
0.25 6.02140583998e-10
0.3 6.91823993652e-10
0.35 7.76826931457e-10
0.4 8.58710317019e-10
0.45 9.38823447771e-10
0.5 1.01841201075e-09
0.55 1.09868496442e-09
0.6 1.18087701063e-09
0.65 1.2663134254e-09
0.7 1.35648490856e-09
0.75 1.45318806547e-09
0.8 1.55855426271e-09
0.85 1.67526041575e-09
0.9 1.80683437563e-09
0.95 1.95804507247e-09
1.0 2.13556766303e-09
1.05 2.3491110412e-09
1.1 2.61343638818e-09
1.15 2.95346662538e-09
1.2 3.40871330616e-09
1.25 4.03238996926e-09
1.3 4.791174199e-09
1.35 3.7891783784e-09
1.4 4.36225120009e-09
1.45 8.67637420183e-08
1.5 0.0195867666761
1.55 0.0368760898326
1.6 0.217587288044
1.65 0.217587381003
1.7 0.384462378454
1.75 0.580556776265
1.8 0.605978432517
1.85 0.621968101642
1.9 0.636108455746
1.95 0.637213655911
2.0 0.640871367439
0.0 0.0