0 0.0
0.05 9.20608786913e-11
0.1 1.8178838019e-10
0.15 2.70349653537e-10
0.2 3.58881454659e-10
0.25 4.48534869484e-10
0.3 5.40523690763e-10
0.35 6.36182475208e-10
0.4 7.37036103896e-10
0.45 8.4462952295e-10
0.5 9.6128142489e-10
0.55 1.08975425562e-09
0.6 1.23363625496e-09
0.65 1.39773231914e-09
0.7 1.58874897592e-09
0.75 1.8163909556e-09
0.8 2.09471970247e-09
0.85 2.44593529853e-09
0.9 2.9067365207e-09
0.95 3.54228474812e-09
1.0 4.47955462219e-09
1.05 5.99261514092e-09
1.1 8.81049066265e-09
1.15 1.54804275224e-08
1.2 3.96258075048e-08
1.25 4.42995998018e-08
1.3 0.0090801407419
1.35 0.0260126922635
1.4 0.122681526603
1.45 0.165233976112
1.5 0.16523428042
1.55 0.189341730678
1.6 0.206477614663
1.65 0.23725636559
1.7 0.243068553276
1.75 0.270653926961
1.8 0.274152349919
1.85 0.275520723498
1.9 0.347287096078
1.95 0.423424190509
2.0 0.437295264273
0.0 0.0