0 0.0
0.05 0.0246682035498
0.1 0.038801076074
0.15 0.0481488659719
0.2 0.0530181089814
0.25 0.0560407334185
0.3 0.085503092935
0.35 0.0963157314659
0.4 0.174511627503
0.45 0.174511728146
0.5 0.17657114066
0.55 0.208829061938
0.6 0.256560004256
0.65 0.299381325179
0.7 0.31377389841
0.75 0.348059730361
0.8 0.360064113353
0.85 0.399459094087
0.9 0.39945911024
0.95 0.430340185964
1.0 0.471023709234
1.05 0.491867641291
1.1 0.491946763166
1.15 0.545392687397
1.2 0.623096607559
1.25 0.623096584062
1.3 0.623096648876
1.35 0.623096654961
1.4 0.646242054248
1.45 0.646855416255
1.5 0.646855511444
1.55 0.646855546715
1.6 0.657804030183
1.65 0.661311928857
1.7 0.752501371775
1.75 0.785918831844
1.8 0.794756408407
1.85 0.847888086048
1.9 0.847888159986
1.95 0.847888197959
2.0 0.881796137358
0.0 0.0