0 0.0
0.05 1.54208412838e-10
0.1 2.88368946918e-10
0.15 4.0695342003e-10
0.2 5.13371971697e-10
0.25 6.10290028658e-10
0.3 6.99846395749e-10
0.35 7.83807170154e-10
0.4 8.63679002177e-10
0.45 9.40795753345e-10
0.5 1.01638927553e-09
0.55 1.09165173367e-09
0.6 1.16779602882e-09
0.65 1.2461207455e-09
0.7 1.32808710406e-09
0.75 1.41541838276e-09
0.8 1.510237114e-09
0.85 1.61526539985e-09
0.9 1.73413130571e-09
0.95 1.87185958866e-09
1.0 2.03569299387e-09
1.05 2.23653447954e-09
1.1 2.51030111952e-09
1.15 2.8993036454e-09
1.2 3.44965508251e-09
1.25 4.24267435052e-09
1.3 5.09944145577e-09
1.35 1.05970682843e-08
1.4 1.37909305604e-08
1.45 8.0233890508e-09
1.5 0.00850501293878
1.55 0.0085059337986
1.6 0.0896810868404
1.65 0.16941685683
1.7 0.182137385248
1.75 0.200443750337
1.8 0.271947381062
1.85 0.294569691884
1.9 0.294569891166
1.95 0.360933984669
2.0 0.428171593301
0.0 0.0