0 0.0
0.05 9.94032573084e-12
0.1 3.71530748039e-08
0.15 3.81334407407e-08
0.2 3.90788055899e-08
0.25 5.04543918314e-11
0.3 4.08601083072e-08
0.35 4.16939519853e-08
0.4 4.24886632593e-08
0.45 4.32433944143e-08
0.5 4.39574249147e-08
0.55 4.46301056508e-08
0.6 4.52608982963e-08
0.65 4.58599442918e-08
0.7 4.64165599889e-08
0.75 4.69304213045e-08
0.8 4.7530988873e-08
0.85 4.8442425022e-08
0.9 4.93381257935e-08
0.95 5.02175089322e-08
1.0 5.10799946854e-08
1.05 5.19250165181e-08
1.1 5.27520676394e-08
1.15 5.35605591121e-08
1.2 5.43500336283e-08
1.25 5.51199798821e-08
1.3 5.58699715792e-08
1.35 5.65995278455e-08
1.4 5.73082534602e-08
1.45 5.79957524851e-08
1.5 5.86616275464e-08
1.55 5.9305548705e-08
1.6 5.99271739616e-08
1.65 6.05359725875e-08
1.7 6.11220261264e-08
1.75 6.16848260562e-08
1.8 6.22241071543e-08
1.85 6.27396163594e-08
1.9 6.32311357737e-08
1.95 6.36984056912e-08
2.0 6.41412211709e-08
0.0 0.0