0 0.0
0.05 9.26613224479e-11
0.1 1.90995551108e-10
0.15 2.96784084696e-10
0.2 4.1221477346e-10
0.25 5.40062675076e-10
0.3 6.83980386875e-10
0.35 8.48735689302e-10
0.4 1.04070122233e-09
0.45 1.26870692538e-09
0.5 1.54751496945e-09
0.55 1.89890687212e-09
0.6 2.35959306415e-09
0.65 2.95573068832e-09
0.7 3.67129080941e-09
0.75 4.8631707939e-09
0.8 6.42978894022e-09
0.85 0.00535711447302
0.9 0.156696776463
0.95 0.194889933868
1.0 0.207393482204
1.05 0.207393497657
1.1 0.225798888383
1.15 0.269825816199
1.2 0.280365986666
1.25 0.289818858745
1.3 0.295745567062
1.35 0.295746719103
1.4 0.332951990889
1.45 0.334899041632
1.5 0.350308850781
1.55 0.449249655904
1.6 0.49506128429
1.65 0.508101485033
1.7 0.52303785872
1.75 0.523037905059
1.8 0.612182762523
1.85 0.651822228422
1.9 0.703206860342
1.95 0.707376038996
2.0 0.707376097489
0.0 0.0