0 0.0
0.05 2.45880398403e-08
0.1 2.92382144631e-11
0.15 2.7526205033e-08
0.2 5.86415765329e-11
0.25 7.37279777059e-11
0.3 3.20838666828e-08
0.35 1.04856159667e-10
0.4 1.31565971245e-10
0.45 3.68155457893e-08
0.5 3.84284625383e-08
0.55 4.0059069639e-08
0.6 4.17071807657e-08
0.65 2.02158173032e-10
0.7 2.19479373187e-10
0.75 2.36808784337e-10
0.8 2.54625918238e-10
0.85 2.70538660403e-10
0.9 2.88111779664e-10
0.95 5.37081983406e-08
1.0 3.23798866578e-10
1.05 3.41463708154e-10
1.1 3.59408648582e-10
1.15 3.79723262559e-10
1.2 3.95743237217e-10
1.25 4.13906244341e-10
1.3 6.63617418577e-08
1.35 6.82007123666e-08
1.4 7.00448587581e-08
1.45 7.18931526174e-08
1.5 7.37445061815e-08
1.55 7.56000590633e-08
1.6 5.47073310022e-10
1.65 7.92952235066e-08
1.7 5.83950873748e-10
1.75 5.99052836829e-10
1.8 8.47672140611e-08
1.85 2.63666668559e-08
1.9 6.52184166475e-10
1.95 6.86388391953e-10
2.0 9.18500546002e-08
0.0 0.0