0 0.0
0.05 -7.27893956462e-08
0.1 -7.08697549906e-08
0.15 -6.89098794989e-08
0.2 -6.69133199322e-08
0.25 -6.48836625908e-08
0.3 1.18659416309e-10
0.35 -6.07621303356e-08
0.4 1.59782551788e-10
0.45 1.81225187126e-10
0.5 2.02292985969e-10
0.55 2.23210339511e-10
0.6 2.44900587749e-10
0.65 2.66214332075e-10
0.7 2.87593861429e-10
0.75 -4.38062178123e-08
0.8 3.30246092257e-10
0.85 3.53766674282e-10
0.9 3.72339385874e-10
0.95 -3.53419786202e-08
1.0 4.14438064548e-10
1.05 4.34898947958e-10
1.1 -2.91306501433e-08
1.15 4.76076041785e-10
1.2 4.961846882e-10
1.25 5.14781342298e-10
1.3 -2.1110577879e-08
1.35 5.55055157688e-10
1.4 -1.72269303304e-08
1.45 5.93806456045e-10
1.5 6.12886976786e-10
1.55 -1.15615019268e-08
1.6 -9.71525783221e-09
1.65 6.68062993584e-10
1.7 7.20147390085e-10
1.75 -4.28843071549e-09
1.8 -2.51327593579e-09
1.85 7.39721706201e-10
1.9 7.57514281856e-10
1.95 2.72909122573e-09
2.0 4.45383769125e-09
0.0 0.0