0 0.0
0.05 1.57831482311e-09
0.1 0.0186734628545
0.15 0.0213376465193
0.2 0.0397963053896
0.25 0.0402395664686
0.3 0.0402395705532
0.35 0.0402396117007
0.4 0.045162769312
0.45 0.0453195950561
0.5 0.140701932332
0.55 0.171792147083
0.6 0.185870757702
0.65 0.252498117977
0.7 0.252498166109
0.75 0.25249819959
0.8 0.264532737216
0.85 0.288670932482
0.9 0.288794489775
0.95 0.306387928261
1.0 0.363401987879
1.05 0.363402081187
1.1 0.397883670259
1.15 0.398857857212
1.2 0.419583591172
1.25 0.440789922653
1.3 0.467641977524
1.35 0.726561512776
1.4 0.861654522868
1.45 0.94765388799
1.5 0.975728732737
1.55 1.08304706227
1.6 1.14638903765
1.65 1.15955214182
1.7 1.16131502689
1.75 1.18957517993
1.8 1.23219946193
1.85 1.46068005991
1.9 1.62310924031
1.95 1.63537047634
2.0 1.66358078398
0.0 0.0