0 0.0
0.05 0.01228621476
0.1 0.0129830911052
0.15 0.0273826783231
0.2 0.0277077333059
0.25 0.0277080347027
0.3 0.0277080802949
0.35 0.0277080924344
0.4 0.117942967334
0.45 0.121043188281
0.5 0.310060735646
0.55 0.319741394732
0.6 0.3197417209
0.65 0.320725002104
0.7 0.338257034205
0.75 0.370635631027
0.8 0.377510106259
0.85 0.377887864864
0.9 0.400539835144
0.95 0.424899933651
1.0 0.448163754229
1.05 0.498715940052
1.1 0.54565561932
1.15 0.584363281992
1.2 0.58721240208
1.25 0.610231348366
1.3 0.63697619566
1.35 0.72396306808
1.4 0.723964003751
1.45 0.8476748369
1.5 0.892936324562
1.55 0.899308787986
1.6 0.946167416981
1.65 0.946167560278
1.7 0.946167586617
1.75 0.947538941453
1.8 0.955458300192
1.85 0.955466113837
1.9 0.955558306948
1.95 0.959617614364
2.0 0.99482156666
0.966090294016 0.966090294016