0 0.0
0.05 4.66347685811e-08
0.1 1.21499882327e-11
0.15 4.7512603913e-08
0.2 4.77652233359e-08
0.25 4.78943493219e-08
0.3 4.79017800143e-08
0.35 4.77903098427e-08
0.4 4.75636988449e-08
0.45 4.7226606355e-08
0.5 4.67845134678e-08
0.55 4.62436407961e-08
0.6 4.56450533644e-08
0.65 4.56967214734e-08
0.7 4.56910633681e-08
0.75 4.5628100307e-08
0.8 4.55076677538e-08
0.85 4.53293127671e-08
0.9 4.50922758639e-08
0.95 4.47953310857e-08
1.0 4.44368066447e-08
1.05 4.40144585051e-08
1.1 4.35253456793e-08
1.15 4.29657540097e-08
1.2 4.23310362005e-08
1.25 4.16154390624e-08
1.3 4.0811873093e-08
1.35 3.99115715564e-08
1.4 3.8903663248e-08
1.45 3.77758586954e-08
1.5 3.65094245137e-08
1.55 3.50795069935e-08
1.6 3.34516087507e-08
1.65 3.15720715391e-08
1.7 2.93473147016e-08
1.75 2.65857579151e-08
1.8 2.27904392544e-08
1.85 2.11822084757e-08
1.9 2.08882073354e-08
1.95 2.31543740717e-08
2.0 2.52553763406e-08
0.0 0.0