0 0.0
0.05 3.13301636753e-11
0.1 5.19660148042e-11
0.15 -5.68176905825e-08
0.2 -5.39798436851e-08
0.25 -5.198756292e-08
0.3 -5.05693213042e-08
0.35 -4.91027032568e-08
0.4 1.82874344902e-10
0.45 1.98125064912e-10
0.5 2.13220039312e-10
0.55 2.2930823513e-10
0.6 2.43817411538e-10
0.65 2.61635934015e-10
0.7 2.78156597831e-10
0.75 2.94929740721e-10
0.8 3.11911262334e-10
0.85 3.29125030081e-10
0.9 3.46461715936e-10
0.95 3.64107512788e-10
1.0 3.81858771832e-10
1.05 3.99797710851e-10
1.1 4.17757738312e-10
1.15 4.35832708196e-10
1.2 4.54103637737e-10
1.25 4.72624726488e-10
1.3 4.91343656446e-10
1.35 5.10320425452e-10
1.4 5.29538253938e-10
1.45 5.4904903388e-10
1.5 5.68879157683e-10
1.55 5.89028918265e-10
1.6 6.09542617474e-10
1.65 6.30458042354e-10
1.7 6.51792139451e-10
1.75 6.73595776417e-10
1.8 6.95916622431e-10
1.85 7.18797453162e-10
1.9 7.4227492034e-10
1.95 7.66408935557e-10
2.0 7.91250264857e-10
0.0 0.0