0 0.0
0.05 0.0289279119435
0.1 0.0363255510198
0.15 0.0363255531384
0.2 0.0363255537038
0.25 0.0363255539723
0.3 0.036325554133
0.35 0.0363255542424
0.4 0.0363255543251
0.45 0.0363255543897
0.5 0.0363255544403
0.55 0.0363255544813
0.6 0.0363255545154
0.65 0.0363255545445
0.7 0.03632555457
0.75 0.0363255545926
0.8 0.0363255546131
0.85 0.0363255546319
0.9 0.0363255546494
0.95 0.0363255546661
1.0 0.0363255546822
1.05 0.0363255546979
1.1 0.0363255547136
1.15 0.0363255547293
1.2 0.0363255547454
1.25 0.0363255547614
1.3 0.0363255547763
1.35 0.036325554793
1.4 0.0363255548187
1.45 0.0363255548262
1.5 0.0363255548502
1.55 0.0363255548782
1.6 0.0363255549111
1.65 0.0363255549496
1.7 0.0363255549966
1.75 0.0363255550466
1.8 0.0363255551257
1.85 0.0363255551609
1.9 0.0363255553738
1.95 0.0363255579429
2.0 0.0363255927568
0.0 0.0