0 0.0
0.05 2.01903369932e-06
0.1 0.0432583145276
0.15 0.0979591592926
0.2 0.18710245524
0.25 0.196094291968
0.3 0.259072266754
0.35 0.259072245476
0.4 0.312309185936
0.45 0.387904148606
0.5 0.433890711816
0.55 0.521720368253
0.6 0.587550395429
0.65 0.676963400235
0.7 0.749509226825
0.75 0.749509760806
0.8 0.839244276121
0.85 0.839467002346
0.9 0.863442962896
0.95 0.863443156702
1.0 0.971041963424
1.05 0.991091573618
1.1 1.0660046618
1.15 1.07585942887
1.2 1.09630727102
1.25 1.1635032329
1.3 1.20617196064
1.35 1.23005067844
1.4 1.27594716879
1.45 1.28716024421
1.5 1.29870162904
1.55 1.30023410122
1.6 1.30023531277
1.65 1.30885345547
1.7 1.31570115003
1.75 1.31570122086
1.8 1.31641585537
1.85 1.41869656559
1.9 1.43932380874
1.95 1.44285861739
2.0 1.44285915149
0.0 0.0