0 0.0
0.05 1.27121958663e-10
0.1 2.41294367364e-10
0.15 3.4559229465e-10
0.2 4.42417580505e-10
0.25 5.33708223665e-10
0.3 6.2108399074e-10
0.35 7.05946617554e-10
0.4 7.89582661267e-10
0.45 8.73205231162e-10
0.5 9.58015687146e-10
0.55 1.04526844066e-09
0.6 1.13633470248e-09
0.65 1.23277828393e-09
0.7 1.33645254926e-09
0.75 1.44963096838e-09
0.8 1.57519007146e-09
0.85 1.71687240468e-09
0.9 1.87966789594e-09
0.95 2.07034993528e-09
1.0 2.29813740606e-09
1.05 2.57507371678e-09
1.1 2.91423291445e-09
1.15 3.31858818487e-09
1.2 3.75125619905e-09
1.25 4.19892485463e-09
1.3 5.08948437987e-09
1.35 6.32630944532e-09
1.4 9.44718947402e-07
1.45 0.0100526599769
1.5 0.0278874063465
1.55 0.132953190149
1.6 0.171123520444
1.65 0.199558602049
1.7 0.253673893918
1.75 0.352540463176
1.8 0.352540693745
1.85 0.469372206642
1.9 0.532128814866
1.95 0.58080543832
2.0 0.600486126694
0.0 0.0