0 0.0
0.05 1.08056590441e-08
0.1 3.63567475495e-11
0.15 5.14405954733e-11
0.2 1.64099080424e-08
0.25 9.34908240526e-11
0.3 1.13995103445e-10
0.35 1.34297613513e-10
0.4 2.44945160655e-08
0.45 1.76443643313e-10
0.5 1.98471861215e-10
0.55 2.21117326361e-10
0.6 2.4455827998e-10
0.65 2.68947504836e-10
0.7 2.92812687809e-10
0.75 4.08072226786e-08
0.8 3.43957241089e-10
0.85 3.70475832893e-10
0.9 3.97749102536e-10
0.95 4.25766344929e-10
1.0 4.54599083429e-10
1.05 4.84440043156e-10
1.1 5.15014425796e-10
1.15 5.46465356511e-10
1.2 5.78392748601e-10
1.25 6.11398010138e-10
1.3 6.44651797512e-10
1.35 6.79238085266e-10
1.4 7.13791920881e-10
1.45 7.49252330744e-10
1.5 7.85660964475e-10
1.55 8.22649767288e-10
1.6 8.60221919629e-10
1.65 8.98297428833e-10
1.7 9.37004008692e-10
1.75 9.76097597293e-10
1.8 1.0156027869e-09
1.85 1.05553529651e-09
1.9 1.09587345843e-09
1.95 1.13621459403e-09
2.0 1.17695196839e-09
0.0 0.0