0 0.0
0.05 4.9128041103e-10
0.1 1.23077468458e-09
0.15 2.45524153966e-09
0.2 4.75306067004e-09
0.25 9.97592469413e-09
0.3 2.63949063809e-08
0.35 0.00712534217029
0.4 0.00712538614707
0.45 0.0174127088025
0.5 0.0358319477446
0.55 0.0400514797428
0.6 0.0926714081663
0.65 0.118880088255
0.7 0.120431096945
0.75 0.249450164897
0.8 0.258142964895
0.85 0.258143369831
0.9 0.398533772754
0.95 0.415854067911
1.0 0.626839327674
1.05 0.626839761562
1.1 0.626839781132
1.15 0.648985994889
1.2 0.746431541107
1.25 0.851985376606
1.3 0.883194022221
1.35 1.01870234165
1.4 1.1466950637
1.45 1.15242200353
1.5 1.15242202177
1.55 1.16084541875
1.6 1.16084543266
1.65 1.1631611903
1.7 1.16430380927
1.75 1.23047967548
1.8 1.30012695085
1.85 1.41083962511
1.9 1.59133730645
1.95 2.00845991098
2.0 2.25473294293
0.0 0.0