0 0.0
0.05 2.06808027023e-10
0.1 4.58711604815e-10
0.15 7.74568422471e-10
0.2 1.18415665899e-09
0.25 1.73605434655e-09
0.3 2.5323599678e-09
0.35 3.78455589273e-09
0.4 6.00848058823e-09
0.45 9.88041716804e-09
0.5 0.0118483840265
0.55 0.150872001201
0.6 0.192108228315
0.65 0.20406456366
0.7 0.204928713974
0.75 0.208694531347
0.8 0.275322786092
0.85 0.291734361958
0.9 0.378386178738
0.95 0.384987568939
1.0 0.384987757562
1.05 0.418176621599
1.1 0.421154718771
1.15 0.421410889891
1.2 0.424215438012
1.25 0.42800439315
1.3 0.472630233658
1.35 0.472632165086
1.4 0.71830112297
1.45 1.04397591198
1.5 1.10311835172
1.55 1.1195051784
1.6 1.16034672489
1.65 1.18218615708
1.7 1.24599514924
1.75 1.26003644327
1.8 1.30747918339
1.85 1.38623758345
1.9 1.46836389908
1.95 1.46923275665
2.0 1.51518234079
-0.331004654638 -0.331004654638