0 0.0
0.05 2.15695151802e-11
0.1 5.31267080891e-11
0.15 8.23793713314e-11
0.2 1.12940360119e-10
0.25 1.44998361159e-10
0.3 1.78544776455e-10
0.35 2.13503369881e-10
0.4 2.49744658497e-10
0.45 2.87325540781e-10
0.5 3.25806083162e-10
0.55 3.6515408466e-10
0.6 4.0501386341e-10
0.65 4.45187852423e-10
0.7 4.85409153628e-10
0.75 5.2524187721e-10
0.8 5.64657818464e-10
0.85 6.02821647577e-10
0.9 6.39213945696e-10
0.95 6.80643540942e-10
1.0 7.26985173271e-10
1.05 7.71436957989e-10
1.1 8.13022706209e-10
1.15 8.50589437516e-10
1.2 8.82872212895e-10
1.25 9.08284988065e-10
1.3 9.24907678311e-10
1.35 9.30546762565e-10
1.4 9.22366986391e-10
1.45 8.97266149216e-10
1.5 1.10803388102e-07
1.55 1.03631516219e-07
1.6 9.32850883555e-08
1.65 7.89966159819e-08
1.7 6.63354346829e-08
1.75 6.8872970756e-08
1.8 7.09729075836e-08
1.85 7.24588148751e-08
1.9 7.67322258208e-08
1.95 8.18932387857e-08
2.0 8.75562089638e-08
0.0 0.0