0 0.0
0.05 0.00358093554225
0.1 0.00396857153452
0.15 0.0100896460442
0.2 0.0183781604984
0.25 0.0183782839355
0.3 0.110095817366
0.35 0.112334802656
0.4 0.117858901178
0.45 0.12224390826
0.5 0.123773488826
0.55 0.223384207013
0.6 0.223410139135
0.65 0.249417986974
0.7 0.266502362267
0.75 0.504309686796
0.8 0.535139037557
0.85 0.606019565173
0.9 0.789568599546
0.95 0.847045755711
1.0 0.847711350413
1.05 0.84771138982
1.1 0.948995256875
1.15 0.950221645596
1.2 0.995179457046
1.25 1.00433791941
1.3 1.02665025814
1.35 1.15139198975
1.4 1.15620187442
1.45 1.15965847288
1.5 1.15965850141
1.55 1.19496070788
1.6 1.29914289125
1.65 1.38794967461
1.7 1.42598434161
1.75 1.43312339014
1.8 1.49270794478
1.85 1.57784411475
1.9 1.6098298235
1.95 1.65043708291
2.0 1.69363755861
0.0 0.0