0 0.0
0.05 9.80074924754e-11
0.1 1.89576904345e-10
0.15 2.7640069679e-10
0.2 3.59947246367e-10
0.25 4.41546769595e-10
0.3 5.22462857039e-10
0.35 6.03958399524e-10
0.4 6.87362961886e-10
0.45 7.74149422446e-10
0.5 8.66029921807e-10
0.55 9.65085194004e-10
0.6 1.07394978016e-09
0.65 1.19609103486e-09
0.7 1.33624936061e-09
0.75 1.5011643891e-09
0.8 1.7008363488e-09
0.85 1.95084477046e-09
0.9 2.27691034329e-09
0.95 2.72465023303e-09
1.0 3.38268583592e-09
1.05 4.46313355366e-09
1.1 6.48166742316e-09
1.15 1.01252603195e-08
1.2 4.29082854673e-08
1.25 0.007810351352
1.3 0.00781052995823
1.35 0.0396990543308
1.4 0.0565460909802
1.45 0.181263230745
1.5 0.191096583196
1.55 0.193984299059
1.6 0.19424600184
1.65 0.225115659015
1.7 0.225115667961
1.75 0.225115664748
1.8 0.225115673507
1.85 0.2706984758
1.9 0.294436687066
1.95 0.320064368667
2.0 0.372131532707
0.0 0.0