0 0.0
0.05 3.73614232874e-08
0.1 5.82603723303e-11
0.15 4.26291639948e-08
0.2 4.54123842736e-08
0.25 1.33975857968e-10
0.3 1.63662950707e-10
0.35 1.95203796788e-10
0.4 2.26234461927e-10
0.45 2.59643966024e-10
0.5 2.92905384378e-10
0.55 3.27911613745e-10
0.6 3.63733812041e-10
0.65 4.00871280892e-10
0.7 4.39181911328e-10
0.75 4.78648929599e-10
0.8 5.19492705725e-10
0.85 5.61189457564e-10
0.9 6.04422124575e-10
0.95 6.49211980992e-10
1.0 6.95380551406e-10
1.05 7.42782401018e-10
1.1 7.91635303607e-10
1.15 8.41903355476e-10
1.2 8.93648626224e-10
1.25 9.46840031653e-10
1.3 1.00154647663e-09
1.35 1.05778518301e-09
1.4 1.11557941672e-09
1.45 1.17498965302e-09
1.5 1.22145127218e-09
1.55 1.26198645565e-09
1.6 1.30276035558e-09
1.65 1.3438478954e-09
1.7 1.38524929604e-09
1.75 1.42699170028e-09
1.8 1.46907379288e-09
1.85 1.51155202984e-09
1.9 1.55440633454e-09
1.95 1.59775025831e-09
2.0 1.64156731488e-09
0.0 0.0