0 0.0
0.05 1.3217869467e-10
0.1 2.81290919873e-10
0.15 4.51155751499e-10
0.2 6.44377170078e-10
0.25 8.58920846831e-10
0.3 1.08262057823e-09
0.35 1.29515241465e-09
0.4 1.60522606633e-09
0.45 2.41884061599e-09
0.5 4.01482500947e-09
0.55 3.59243224134e-09
0.6 3.82121621642e-09
0.65 1.87759007517e-07
0.7 0.0674541624238
0.75 0.189475058686
0.8 0.189483222372
0.85 0.194341969241
0.9 0.357577436586
0.95 0.518225731382
1.0 0.555615487834
1.05 0.597935255787
1.1 0.678279173694
1.15 0.68558962061
1.2 0.70392229529
1.25 0.764092540925
1.3 0.827132410677
1.35 0.881695627409
1.4 0.888137810844
1.45 0.984900299186
1.5 1.1226323136
1.55 1.17162590394
1.6 1.25536589071
1.65 1.28265786345
1.7 1.31221482588
1.75 1.33402922392
1.8 1.35240772981
1.85 1.35544549965
1.9 1.36604638377
1.95 1.38146250186
2.0 1.41848392407
0.0 0.0