0 0.0
0.05 -5.07088727155e-09
0.1 0.0781541953956
0.15 0.132253544085
0.2 0.141874436567
0.25 0.141874578824
0.3 0.155149029146
0.35 0.168552402686
0.4 0.168552432942
0.45 0.230936908791
0.5 0.230936912786
0.55 0.272482760157
0.6 0.298310656707
0.65 0.321054846
0.7 0.321055100638
0.75 0.463154236641
0.8 0.463155021868
0.85 0.463155051261
0.9 0.479589639731
0.95 0.708377263058
1.0 0.744249838155
1.05 0.757532970104
1.1 0.757532992087
1.15 0.75805049191
1.2 0.758050557599
1.25 0.758050668255
1.3 0.815787177216
1.35 0.903004561294
1.4 0.903005485353
1.45 0.941238443919
1.5 0.949663889966
1.55 1.00177824381
1.6 1.11682546964
1.65 1.1357521073
1.7 1.28165310181
1.75 1.29620519937
1.8 1.41562984375
1.85 1.45783754235
1.9 1.45900779834
1.95 1.72477845279
2.0 1.76091233951
0.0 0.0