0 0.0
0.05 3.85735887676e-11
0.1 -3.51930922182e-08
0.15 -3.14020807135e-08
0.2 -2.76946166e-08
0.25 -2.40501503157e-08
0.3 -2.04673178406e-08
0.35 -1.69447018639e-08
0.4 -1.34809909902e-08
0.45 -1.00748311915e-08
0.5 -6.72496280885e-09
0.55 -3.43006845149e-09
0.6 -1.88951521096e-10
0.65 2.99964053596e-09
0.7 6.13687256568e-09
0.75 9.22390652747e-09
0.8 1.22618901699e-08
0.85 1.52518910834e-08
0.9 1.81950252642e-08
0.95 2.10923336574e-08
1.0 2.39448318951e-08
1.05 2.67535280596e-08
1.1 2.95193784972e-08
1.15 3.22433579836e-08
1.2 3.49263737931e-08
1.25 3.75693218757e-08
1.3 4.01730642086e-08
1.35 4.27384632129e-08
1.4 4.52663426742e-08
1.45 4.77574686464e-08
1.5 5.02267469837e-08
1.55 5.27292278729e-08
1.6 5.52094441275e-08
1.65 5.76684253684e-08
1.7 6.0107259392e-08
1.75 6.25268896659e-08
1.8 6.49283244947e-08
1.85 6.73124567196e-08
1.9 6.96802382461e-08
1.95 7.2032535714e-08
2.0 7.43701973338e-08
1.37683725893 1.37683725893