0 0.0
0.05 1.74933638151e-11
0.1 4.88632623259e-08
0.15 5.05942692484e-08
0.2 5.23068408283e-08
0.25 5.39979742926e-08
0.3 5.56646101498e-08
0.35 5.73071630484e-08
0.4 5.89390441275e-08
0.45 6.05396174734e-08
0.5 6.21063088551e-08
0.55 6.36367071176e-08
0.6 6.51285535304e-08
0.65 6.65797973355e-08
0.7 6.79885859688e-08
0.75 6.93532798212e-08
0.8 7.06724715996e-08
0.85 7.19449635796e-08
0.9 7.38091881306e-08
0.95 7.58602044406e-08
1.0 7.79351749114e-08
1.05 8.00611070047e-08
1.1 8.22177893384e-08
1.15 8.44014729815e-08
1.2 8.6612291005e-08
1.25 8.8850364792e-08
1.3 9.11157204028e-08
1.35 9.34083120048e-08
1.4 9.5734833576e-08
1.45 9.80925392081e-08
1.5 1.00477193217e-07
1.55 1.02888609072e-07
1.6 1.05326523999e-07
1.65 1.07790569772e-07
1.7 1.10280240096e-07
1.75 1.12794896102e-07
1.8 1.15333730726e-07
1.85 1.17895755916e-07
1.9 1.20479751408e-07
1.95 1.22886762608e-07
2.0 1.25234331897e-07
0.0 0.0