0 0.0
0.05 -7.22931100564e-08
0.1 -6.67998271285e-08
0.15 -6.16947240674e-08
0.2 -5.69539483956e-08
0.25 -5.25536306121e-08
0.3 -4.85208065721e-08
0.35 -4.54823816018e-08
0.4 -4.25749112989e-08
0.45 -3.9794226885e-08
0.5 -3.7135869555e-08
0.55 -3.45951573552e-08
0.6 -3.21672771577e-08
0.65 -2.98473307388e-08
0.7 -2.76303643449e-08
0.75 -2.55114096858e-08
0.8 -2.3485500822e-08
0.85 -2.15477181566e-08
0.9 -1.96931433767e-08
0.95 -1.79169375616e-08
1.0 -1.62143091734e-08
1.05 -1.45805275463e-08
1.1 -1.301093367e-08
1.15 -1.15014472427e-08
1.2 -1.00473817328e-08
1.25 -8.64372176342e-09
1.3 -7.28618641284e-09
1.35 -5.97059809169e-09
1.4 -4.69284374575e-09
1.45 -3.44893576828e-09
1.5 -2.23496219176e-09
1.55 -1.04712952414e-09
1.6 1.18272448982e-10
1.65 1.26482897269e-09
1.7 2.39603246101e-09
1.75 3.51525952891e-09
1.8 4.62577844879e-09
1.85 5.73072237414e-09
1.9 6.83312277915e-09
1.95 7.93586683007e-09
2.0 9.04171418459e-09
0.0 0.0