0 0.0
0.05 1.06661454681e-11
0.1 3.22606754095e-11
0.15 4.80619800811e-11
0.2 6.45451265216e-11
0.25 8.37201325169e-11
0.3 1.01277370943e-10
0.35 -7.25483676891e-08
0.4 -7.06932767094e-08
0.45 1.57125283015e-10
0.5 1.76295992955e-10
0.55 1.95506435327e-10
0.6 -6.30733815186e-08
0.65 -6.11397002098e-08
0.7 2.43392386961e-10
0.75 -5.72831686729e-08
0.8 2.89560673335e-10
0.85 3.10832011506e-10
0.9 3.30463122356e-10
0.95 -4.95887134791e-08
1.0 3.68638380389e-10
1.05 -4.57936285328e-08
1.1 4.0623703971e-10
1.15 4.24943542908e-10
1.2 4.43332751492e-10
1.25 4.60554981944e-10
1.3 4.76206416254e-10
1.35 4.97101434629e-10
1.4 5.14803625728e-10
1.45 5.31925938686e-10
1.5 5.47952531437e-10
1.55 -2.7957626431e-08
1.6 5.82362704143e-10
1.65 5.98627537048e-10
1.7 6.14600781315e-10
1.75 6.30273289193e-10
1.8 6.4574264772e-10
1.85 6.60424174478e-10
1.9 6.75544279581e-10
1.95 -1.55282588664e-08
2.0 -1.40968754778e-08
0.0 0.0