0 0.0
0.05 -1.10803894649e-08
0.1 2.69444239562e-11
0.15 4.04935394607e-11
0.2 5.41976698076e-11
0.25 6.90524291504e-11
0.3 8.21062809199e-11
0.35 9.49466076923e-11
0.4 1.10806391848e-10
0.45 1.25518668044e-10
0.5 1.40624628627e-10
0.55 1.5579197941e-10
0.6 1.71425747369e-10
0.65 1.87340437846e-10
0.7 2.03728886917e-10
0.75 2.20531514517e-10
0.8 2.37718632932e-10
0.85 2.5537870315e-10
0.9 2.73749925418e-10
0.95 2.92254303509e-10
1.0 3.11572082986e-10
1.05 3.31417571741e-10
1.1 3.51939076171e-10
1.15 3.7317324932e-10
1.2 3.95083659227e-10
1.25 4.1769634033e-10
1.3 4.41091736235e-10
1.35 4.65341472168e-10
1.4 4.90408377834e-10
1.45 5.16297967978e-10
1.5 5.40740323579e-10
1.55 5.60883966163e-10
1.6 5.81178598228e-10
1.65 6.01600425945e-10
1.7 6.22216557475e-10
1.75 6.42954306204e-10
1.8 6.63835674634e-10
1.85 6.84864826724e-10
1.9 7.06047665477e-10
1.95 7.27377570097e-10
2.0 7.48795663823e-10
0.0 0.0