0 0.0
0.05 1.47396736442e-11
0.1 3.0048565151e-11
0.15 3.60970549631e-11
0.2 5.75224423578e-11
0.25 -1.53533617544e-08
0.3 9.47799911863e-11
0.35 1.11652418623e-10
0.4 1.2866993122e-10
0.45 1.45840054168e-10
0.5 1.63202490025e-10
0.55 1.8062607224e-10
0.6 1.98196178326e-10
0.65 2.15847660656e-10
0.7 2.33572420191e-10
0.75 2.51374070073e-10
0.8 2.69234122216e-10
0.85 2.87162845706e-10
0.9 3.05142867304e-10
0.95 3.23154300206e-10
1.0 3.41209792939e-10
1.05 3.59289602956e-10
1.1 3.77392317763e-10
1.15 3.95509062079e-10
1.2 4.1399242937e-10
1.25 4.33767486828e-10
1.3 4.53979102561e-10
1.35 4.74541572901e-10
1.4 4.95452621893e-10
1.45 5.16656894365e-10
1.5 5.38115920564e-10
1.55 5.59819923082e-10
1.6 5.81661398692e-10
1.65 6.03643513904e-10
1.7 6.25634617809e-10
1.75 6.47587490474e-10
1.8 6.69369851925e-10
1.85 6.90847635263e-10
1.9 7.1189771038e-10
1.95 7.32372777131e-10
2.0 7.520278372e-10
0.0 0.0