0 0.0
0.05 1.96933227143e-11
0.1 -2.18642789426e-08
0.15 5.81339872363e-11
0.2 -1.81016845043e-08
0.25 9.5474034355e-11
0.3 1.14028969577e-10
0.35 1.46842223242e-10
0.4 1.51155677681e-10
0.45 -8.79070009003e-09
0.5 -6.92281461561e-09
0.55 2.07284383042e-10
0.6 2.26381670224e-10
0.65 2.45292077141e-10
0.7 2.66953817398e-10
0.75 2.79193688898e-10
0.8 2.92525801417e-10
0.85 4.74196419681e-09
0.9 5.88853934796e-09
0.95 6.93167767815e-09
1.0 7.87738807678e-09
1.05 9.17327885626e-09
1.1 1.07512904614e-08
1.15 1.23560682397e-08
1.2 1.39800299868e-08
1.25 1.56358481454e-08
1.3 1.73220499418e-08
1.35 1.90364071009e-08
1.4 2.07759109818e-08
1.45 2.25369439546e-08
1.5 2.43152904996e-08
1.55 2.61061225851e-08
1.6 2.79039427821e-08
1.65 2.97023933403e-08
1.7 3.1493773324e-08
1.75 3.32684310432e-08
1.8 3.50135576311e-08
1.85 3.67161427028e-08
1.9 3.83536100149e-08
1.95 3.98827506924e-08
2.0 4.12439803863e-08
0.0 0.0