0 0.0
0.05 3.61090876265e-10
0.1 8.56464734563e-10
0.15 1.57755206905e-09
0.2 2.72222433786e-09
0.25 4.72992715416e-09
0.3 8.70004657144e-09
0.35 1.79326656755e-08
0.4 0.00792054486047
0.45 0.00792057240604
0.5 0.0790109380817
0.55 0.0806504868468
0.6 0.0889426559396
0.65 0.0927030868152
0.7 0.122453652908
0.75 0.155815333619
0.8 0.157524233115
0.85 0.157524281033
0.9 0.193125071586
0.95 0.249711829712
1.0 0.300302783635
1.05 0.331871691642
1.1 0.464615757061
1.15 0.464615817425
1.2 0.489528587205
1.25 0.50650679227
1.3 0.564165353341
1.35 0.586568480348
1.4 0.617200126487
1.45 0.617200238726
1.5 0.617200614669
1.55 0.671950985019
1.6 0.699199952015
1.65 0.699199954207
1.7 0.69919996625
1.75 0.705828369036
1.8 0.749922178037
1.85 0.770996072565
1.9 0.808149374244
1.95 0.935138588567
2.0 0.961378544084
0.0 0.0