0 0.0
0.05 -9.7104373844e-09
0.1 3.97236441378e-11
0.15 -5.83673250546e-09
0.2 -4.02615086485e-09
0.25 9.47380535605e-11
0.3 -6.04462399489e-10
0.35 1.01913666833e-09
0.4 2.59227659078e-09
0.45 4.12028838145e-09
0.5 5.59321227091e-09
0.55 7.05144431436e-09
0.6 8.50998236385e-09
0.65 9.97131019953e-09
0.7 1.14378586497e-08
0.75 1.29120054316e-08
0.8 1.43960718165e-08
0.85 1.58923026848e-08
0.9 1.74028642037e-08
0.95 1.89298106147e-08
1.0 2.04751182007e-08
1.05 2.20406399663e-08
1.1 2.36281195384e-08
1.15 2.52391787672e-08
1.2 2.68753124945e-08
1.25 2.85378621597e-08
1.3 3.02280513796e-08
1.35 3.19469731237e-08
1.4 3.36955707204e-08
1.45 3.54746741762e-08
1.5 3.72895931689e-08
1.55 3.91378125026e-08
1.6 4.1018868149e-08
1.65 4.29515961981e-08
1.7 4.49690944773e-08
1.75 4.70291459914e-08
1.8 4.91326995316e-08
1.85 5.12807752337e-08
1.9 5.34744840969e-08
1.95 5.57150661909e-08
2.0 5.80039417426e-08
0.0 0.0