0 0.0
0.05 2.15820281074e-11
0.1 4.17113303781e-08
0.15 6.95404043256e-11
0.2 4.62741140191e-08
0.25 1.12865063954e-10
0.3 1.3733323575e-10
0.35 1.60984590369e-10
0.4 1.85917186999e-10
0.45 2.114489698e-10
0.5 2.3604518789e-10
0.55 2.6159985776e-10
0.6 2.87091804664e-10
0.65 3.12818476163e-10
0.7 3.42728366757e-10
0.75 3.64133792044e-10
0.8 3.91618792073e-10
0.85 4.1392464115e-10
0.9 8.12243243129e-08
0.95 4.64891350208e-10
1.0 4.94209478129e-10
1.05 5.10659615925e-10
1.1 5.3174886439e-10
1.15 9.24348753903e-08
1.2 9.44074461883e-08
1.25 9.626897528e-08
1.3 9.80109246268e-08
1.35 6.22985530489e-10
1.4 1.01104032322e-07
1.45 1.0244026037e-07
1.5 1.03627117202e-07
1.55 1.04658412638e-07
1.6 1.05528439681e-07
1.65 1.0623201472e-07
1.7 1.06764412142e-07
1.75 1.0712133117e-07
1.8 1.07298866124e-07
1.85 1.07104759979e-07
1.9 1.06791071187e-07
1.95 1.06379272868e-07
2.0 1.05870195732e-07
0.0 0.0