0 0.0
0.05 7.27962411449e-09
0.1 9.00330144749e-09
0.15 5.15924053784e-11
0.2 6.98206780018e-11
0.25 8.79720533521e-11
0.3 1.06916754608e-10
0.35 1.25655317458e-10
0.4 1.45267602221e-10
0.45 1.65227058905e-10
0.5 1.85818746995e-10
0.55 2.06475001117e-10
0.6 2.2779740516e-10
0.65 2.49557726915e-10
0.7 2.71805905036e-10
0.75 2.94537699731e-10
0.8 3.17751158681e-10
0.85 3.42188823969e-10
0.9 3.70048253027e-10
0.95 3.9913748949e-10
1.0 4.29722624744e-10
1.05 4.61500407053e-10
1.1 4.94532941056e-10
1.15 5.28815352916e-10
1.2 5.64375767022e-10
1.25 6.01320246783e-10
1.3 6.39663518879e-10
1.35 6.79465382078e-10
1.4 7.20773462749e-10
1.45 7.63590695834e-10
1.5 8.08002078153e-10
1.55 8.54037848098e-10
1.6 9.01754111036e-10
1.65 9.51186887218e-10
1.7 1.00236505054e-09
1.75 1.05535923398e-09
1.8 1.11017072116e-09
1.85 1.16687598468e-09
1.9 1.22548309283e-09
1.95 1.28605105361e-09
2.0 1.34860687433e-09
0.0 0.0