0 0.0
0.05 4.46507662922e-10
0.1 1.06899849483e-09
0.15 1.99291620699e-09
0.2 3.48864680289e-09
0.25 6.23400611681e-09
0.3 1.14900655288e-08
0.35 0.00932279004183
0.4 0.0599408328759
0.45 0.134667256801
0.5 0.222077235369
0.55 0.223714849722
0.6 0.223714861306
0.65 0.223714865572
0.7 0.327134966628
0.75 0.49732482318
0.8 0.558422924254
0.85 0.762763451882
0.9 0.797129323422
0.95 0.850217196755
1.0 0.917094482578
1.05 0.935805849617
1.1 0.945198396059
1.15 0.95319369164
1.2 0.965959858616
1.25 0.988670512182
1.3 0.988670515907
1.35 1.01031308982
1.4 1.02752174503
1.45 1.04431006548
1.5 1.20668826081
1.55 1.39820394593
1.6 1.41178264649
1.65 1.41178280394
1.7 1.41178284429
1.75 1.48296366535
1.8 1.53953283113
1.85 1.53953339025
1.9 1.58281700494
1.95 1.74208520984
2.0 1.74722636581
0.0 0.0