0 0.0
0.05 1.38993218541e-10
0.1 2.98739069736e-10
0.15 4.86286197659e-10
0.2 7.1183025197e-10
0.25 9.90743278064e-10
0.3 1.34736115993e-09
0.35 1.82255348408e-09
0.4 2.49012027626e-09
0.45 3.49539070123e-09
0.5 5.1459358143e-09
0.55 7.83978853406e-09
0.6 1.98226187173e-08
0.65 0.020178693708
0.7 0.213160188922
0.75 0.278349686905
0.8 0.327654750988
0.85 0.379350818739
0.9 0.441942200656
0.95 0.580303381331
1.0 0.720015781336
1.05 0.729697430478
1.1 0.812748190939
1.15 0.93782706326
1.2 0.948393610246
1.25 0.962392018332
1.3 1.01715596248
1.35 1.01761326183
1.4 1.0176132828
1.45 1.01761329646
1.5 1.01761331796
1.55 1.01761332304
1.6 1.01761330499
1.65 1.05249062258
1.7 1.09784650202
1.75 1.10546897817
1.8 1.10548889242
1.85 1.12629298667
1.9 1.13308630275
1.95 1.14773126135
2.0 1.19419182881
0.0 0.0