0 0.0
0.05 1.16313417133e-10
0.1 2.48132581789e-10
0.15 4.00496944667e-10
0.2 5.80567487366e-10
0.25 7.98907541122e-10
0.3 1.07179190225e-09
0.35 1.42562683721e-09
0.4 1.90603958488e-09
0.45 2.59451400205e-09
0.5 3.65955164199e-09
0.55 5.48461947717e-09
0.6 8.97770111557e-09
0.65 1.55253705878e-08
0.7 4.19970762894e-08
0.75 0.00495911556589
0.8 0.00495914010067
0.85 0.0275205033837
0.9 0.0774894873664
0.95 0.0979739597786
1.0 0.122517739046
1.05 0.133165910163
1.1 0.16826688537
1.15 0.204060732912
1.2 0.240483820695
1.25 0.24189333627
1.3 0.267263537773
1.35 0.282265598607
1.4 0.369333072425
1.45 0.395887411994
1.5 0.43314286135
1.55 0.629781352296
1.6 0.653037466371
1.65 0.693404238066
1.7 0.812263875786
1.75 0.849961752069
1.8 0.874827278512
1.85 1.15187708194
1.9 1.151881784
1.95 1.15188217007
2.0 1.22300672559
0.0 0.0