0 0.0
0.05 2.01062432208e-11
0.1 -1.4514889893e-08
0.15 -1.25496506753e-08
0.2 -1.05914615486e-08
0.25 -8.63550391179e-09
0.3 1.18358457732e-10
0.35 1.40439743119e-10
0.4 1.56896913435e-10
0.45 1.77529653851e-10
0.5 1.97974186253e-10
0.55 2.18704938119e-10
0.6 2.39600980019e-10
0.65 2.61059253689e-10
0.7 2.82960427986e-10
0.75 3.05932719312e-10
0.8 3.28478114895e-10
0.85 3.52787779329e-10
0.9 3.7777977517e-10
0.95 4.0346035692e-10
1.0 4.30218115575e-10
1.05 4.58274380222e-10
1.1 4.87409920542e-10
1.15 5.17905794633e-10
1.2 5.49882074849e-10
1.25 5.83320874464e-10
1.3 6.18431007332e-10
1.35 6.55211940717e-10
1.4 6.94105782582e-10
1.45 7.34877491551e-10
1.5 7.77947154715e-10
1.55 8.13495740649e-10
1.6 8.47047996625e-10
1.65 8.80981027083e-10
1.7 9.15036057507e-10
1.75 9.49246990439e-10
1.8 9.83761746514e-10
1.85 1.01791963074e-09
1.9 1.05210131348e-09
1.95 1.08614128858e-09
2.0 1.11958792029e-09
0.0 0.0