0 0.0
0.05 3.16181230113e-10
0.1 5.65778659759e-10
0.15 7.69365081571e-10
0.2 9.3699989018e-10
0.25 1.0803417279e-09
0.3 1.20576748845e-09
0.35 1.31752817558e-09
0.4 1.41880120426e-09
0.45 1.51203873511e-09
0.5 1.59890139807e-09
0.55 1.68147207645e-09
0.6 1.76119881076e-09
0.65 1.83930797914e-09
0.7 1.91694880643e-09
0.75 1.99525136138e-09
0.8 2.07538357121e-09
0.85 2.15811939766e-09
0.9 2.24332334408e-09
0.95 2.3333752218e-09
1.0 2.42998128635e-09
1.05 2.53533491462e-09
1.1 2.65255182328e-09
1.15 2.78661760611e-09
1.2 2.94465224159e-09
1.25 3.14534254128e-09
1.3 3.41693260504e-09
1.35 3.73900842309e-09
1.4 3.97515056808e-09
1.45 3.91844498654e-09
1.5 4.57239983325e-09
1.55 6.29013397125e-09
1.6 7.57416837267e-09
1.65 2.14721955059e-07
1.7 0.0979217274762
1.75 0.16212297161
1.8 0.162123017569
1.85 0.182029567257
1.9 0.196953235264
1.95 0.220044752853
2.0 0.252370559537
0.0 0.0