0 0.0
0.05 5.02851094097e-11
0.1 6.55536736005e-11
0.15 1.02301445093e-10
0.2 1.41642697571e-10
0.25 1.83200565829e-10
0.3 2.27188712287e-10
0.35 2.7343949327e-10
0.4 3.21858595331e-10
0.45 3.72089470346e-10
0.5 4.24198065563e-10
0.55 4.78027728512e-10
0.6 5.33019794968e-10
0.65 5.89014448327e-10
0.7 6.38589237045e-10
0.75 6.81613543385e-10
0.8 7.24308168998e-10
0.85 7.6666956117e-10
0.9 8.08737188329e-10
0.95 8.50498338423e-10
1.0 8.91960449945e-10
1.05 9.33134625125e-10
1.1 9.69764102354e-10
1.15 1.00496522215e-09
1.2 1.03898839532e-09
1.25 1.07169262353e-09
1.3 1.09711345564e-09
1.35 1.12170589484e-09
1.4 1.14572051846e-09
1.45 1.16872972411e-09
1.5 1.19056742243e-09
1.55 1.21090742988e-09
1.6 1.22904053601e-09
1.65 1.24445920235e-09
1.7 1.25884708213e-09
1.75 1.29037175389e-09
1.8 1.31778810086e-09
1.85 1.34089894743e-09
1.9 1.35354977226e-09
1.95 1.26041348525e-07
2.0 1.25332218326e-07
-0.321016449316 -0.321016449316