0 0.0
0.05 -1.24381082749e-07
0.1 -1.20670278181e-07
0.15 -1.17018435209e-07
0.2 -1.1342668768e-07
0.25 -1.09930330328e-07
0.3 2.1707434574e-10
0.35 -1.03131111729e-07
0.4 -9.9824467209e-08
0.45 -9.65791292768e-08
0.5 -9.33945477434e-08
0.55 -9.02700861837e-08
0.6 -8.72050990483e-08
0.65 -8.41989024278e-08
0.7 -8.12507442102e-08
0.75 -7.83599255023e-08
0.8 -7.55256808083e-08
0.85 -7.27472290048e-08
0.9 -7.00237972399e-08
0.95 -6.73545954263e-08
1.0 -6.47387860865e-08
1.05 -6.21755681833e-08
1.1 -5.96641021366e-08
1.15 -5.73735261974e-08
1.2 -5.52767686197e-08
1.25 -5.3245226969e-08
1.3 -5.12238571255e-08
1.35 -4.92117937755e-08
1.4 -4.72079034595e-08
1.45 -4.52107606057e-08
1.5 -4.3218589797e-08
1.55 -4.12291664075e-08
1.6 -3.92397500235e-08
1.65 -3.72469616041e-08
1.7 9.25161341253e-10
1.75 -3.32337655196e-08
1.8 -3.12021098181e-08
1.85 9.89753494453e-10
1.9 1.01341786724e-09
1.95 1.0329855625e-09
2.0 1.05497479791e-09
0.0 0.0