0 0.0
0.05 1.30259012781e-08
0.1 3.03819167978e-11
0.15 4.57709644161e-11
0.2 1.76483511583e-08
0.25 7.75533874018e-11
0.3 9.27311288263e-11
0.35 2.23516986889e-08
0.4 1.24458454088e-10
0.45 2.55402505978e-08
0.5 2.71513067566e-08
0.55 2.87736519347e-08
0.6 3.04071716603e-08
0.65 2.12001273901e-10
0.7 2.27704638304e-10
0.75 3.62962703468e-08
0.8 2.69193247222e-10
0.85 2.90954616244e-10
0.9 4.27423475978e-08
0.95 4.50019191655e-08
1.0 3.70433930789e-10
1.05 4.96927712667e-08
1.1 4.06343799681e-10
1.15 4.32128593903e-10
1.2 4.57227904187e-10
1.25 4.83716237194e-10
1.3 5.10603742402e-10
1.35 5.38317230101e-10
1.4 5.66819891916e-10
1.45 5.95915015343e-10
1.5 6.25610259898e-10
1.55 6.56404353276e-10
1.6 6.87731939071e-10
1.65 7.20516036346e-10
1.7 7.53719799163e-10
1.75 7.87921663086e-10
1.8 8.22906411446e-10
1.85 8.58788187907e-10
1.9 8.95494565261e-10
1.95 9.33066432702e-10
2.0 9.71514147134e-10
0.0 0.0