0 0.0
0.05 8.83789572213e-11
0.1 1.74228625121e-10
0.15 2.5874176163e-10
0.2 3.43557898529e-10
0.25 4.30091571877e-10
0.3 5.19635171183e-10
0.35 6.1362345939e-10
0.4 7.13713328552e-10
0.45 8.2188761072e-10
0.5 9.40209229616e-10
0.55 1.07185121379e-09
0.6 1.22096655738e-09
0.65 1.39299411241e-09
0.7 1.59550011849e-09
0.75 1.83941259297e-09
0.8 2.14128254603e-09
0.85 2.52783406294e-09
0.9 3.1311048363e-09
0.95 3.7297886355e-09
1.0 4.78459870968e-09
1.05 7.6608764012e-09
1.1 1.33199885547e-08
1.15 4.33486241263e-08
1.2 0.00305354246277
1.25 0.179120032161
1.3 0.297606738105
1.35 0.309651759992
1.4 0.309676172322
1.45 0.414387743222
1.5 0.419685718232
1.55 0.425414735433
1.6 0.44342660732
1.65 0.478281490814
1.7 0.525543851712
1.75 0.525544074575
1.8 0.625015259829
1.85 0.803222360166
1.9 0.892156381501
1.95 1.00069859978
2.0 1.01735459203
0.0 0.0