0 0.0
0.05 3.41057017049e-08
0.1 5.21596061146e-11
0.15 8.00940321354e-11
0.2 1.08946826582e-10
0.25 1.39356066904e-10
0.3 1.71179065723e-10
0.35 2.04371419999e-10
0.4 2.39198282835e-10
0.45 2.75537409358e-10
0.5 3.13597840378e-10
0.55 3.5388769252e-10
0.6 3.96176977891e-10
0.65 4.4066430232e-10
0.7 4.87306305183e-10
0.75 5.36284630512e-10
0.8 5.64942684204e-10
0.85 5.87283513981e-10
0.9 6.08478299698e-10
0.95 6.28278878019e-10
1.0 6.46619159363e-10
1.05 6.5813346679e-10
1.1 6.6109230229e-10
1.15 6.89404029989e-10
1.2 7.29073354854e-10
1.25 7.69558344289e-10
1.3 8.11132687319e-10
1.35 8.53039183825e-10
1.4 8.95988875643e-10
1.45 9.40397981808e-10
1.5 9.85452570912e-10
1.55 1.02907172368e-09
1.6 1.0747536021e-09
1.65 1.12010531218e-09
1.7 1.1647943241e-09
1.75 1.20991200694e-09
1.8 1.25374787102e-09
1.85 1.30568809157e-09
1.9 1.33839010679e-09
1.95 1.38004016609e-09
2.0 1.41476671037e-09
0.0 0.0