0 0.0
0.05 1.26597160532e-07
0.1 1.28594641158e-07
0.15 3.98420407777e-10
0.2 1.32103851913e-07
0.25 1.33629184773e-07
0.3 1.34994771139e-07
0.35 1.38603897748e-07
0.4 1.42911113332e-07
0.45 1.47402436035e-07
0.5 1.52044568824e-07
0.55 1.56799154383e-07
0.6 3.7549197085e-10
0.65 1.66725064976e-07
0.7 1.71918289715e-07
0.75 5.2865750666e-10
0.8 5.82382309045e-10
0.85 6.38581076906e-10
0.9 6.95737301104e-10
0.95 7.61778806702e-10
1.0 8.16919809576e-10
1.05 8.79766204331e-10
1.1 9.44114619816e-10
1.15 1.011341344e-09
1.2 1.07758812984e-09
1.25 1.14609560731e-09
1.3 1.21552123922e-09
1.35 1.28615851303e-09
1.4 1.354292678e-09
1.45 1.42185668794e-09
1.5 1.48620582507e-09
1.55 1.54437862498e-09
1.6 1.59268542799e-09
1.65 1.72123199027e-09
1.7 1.49152518114e-09
1.75 1.80076581424e-09
1.8 4.1138614737e-09
1.85 1.29302478169e-08
1.9 1.97128470769e-08
1.95 2.61536304835e-08
2.0 3.26205366608e-08
-0.349173689196 -0.349173689196