0 0.0
0.05 8.64560036555e-11
0.1 1.75512014498e-10
0.15 2.68462086149e-10
0.2 3.66722101986e-10
0.25 4.71915414375e-10
0.3 5.85816598251e-10
0.35 7.10098153237e-10
0.4 8.46297850276e-10
0.45 9.94877997381e-10
0.5 1.15289848171e-09
0.55 1.3075225465e-09
0.6 1.41733601797e-09
0.65 2.73208482943e-09
0.7 5.5057656837e-09
0.75 1.12232918424e-08
0.8 2.09136793289e-08
0.85 3.53319853363e-09
0.9 0.043140543966
0.95 0.198072826134
1.0 0.235870053595
1.05 0.235870226668
1.1 0.235928263568
1.15 0.235946661713
1.2 0.275694583925
1.25 0.341036464622
1.3 0.38435721496
1.35 0.384357261451
1.4 0.43943427497
1.45 0.439434416218
1.5 0.439434445183
1.55 0.463434687233
1.6 0.489835912923
1.65 0.545786468533
1.7 0.561787667495
1.75 0.60041188314
1.8 0.665421149286
1.85 0.670687188488
1.9 0.744591411222
1.95 0.923840630014
2.0 0.928157258661
0.0 0.0