0 0.0
0.05 -1.68542152938e-08
0.1 3.16094814376e-11
0.15 3.99112942496e-11
0.2 -1.2125257473e-08
0.25 -1.0550170569e-08
0.3 9.47733577692e-11
0.35 1.10352568815e-10
0.4 1.25845182463e-10
0.45 1.42327026746e-10
0.5 1.58322860459e-10
0.55 1.74312265952e-10
0.6 1.90491518288e-10
0.65 2.06745960624e-10
0.7 2.23201235763e-10
0.75 2.39729507492e-10
0.8 2.56529170829e-10
0.85 2.73339554953e-10
0.9 2.90522143145e-10
0.95 3.07858685153e-10
1.0 3.25500947839e-10
1.05 3.43349644165e-10
1.1 3.6154004606e-10
1.15 3.80003375569e-10
1.2 3.9874049704e-10
1.25 4.17978537815e-10
1.3 4.37363097811e-10
1.35 4.57423446852e-10
1.4 2.92847061101e-08
1.45 5.10230535152e-10
1.5 5.19126684247e-10
1.55 5.4092465566e-10
1.6 3.7792391538e-08
1.65 5.8485409938e-10
1.7 6.07596007369e-10
1.75 6.30766756428e-10
1.8 4.6982493691e-08
1.85 6.78504337147e-10
1.9 7.03069366799e-10
1.95 7.28117707722e-10
2.0 7.53595000838e-10
0.0 0.0