0 0.0
0.05 2.24595413761e-10
0.1 4.06619464137e-10
0.15 5.5784103501e-10
0.2 6.86241755781e-10
0.25 7.97430252895e-10
0.3 8.9547691266e-10
0.35 9.83398888205e-10
0.4 1.06356675873e-09
0.45 1.13789924132e-09
0.5 1.20794215603e-09
0.55 1.27502751369e-09
0.6 1.34048163725e-09
0.65 1.4054427678e-09
0.7 1.4710476817e-09
0.75 1.53851464663e-09
0.8 1.60922876265e-09
0.85 1.68469958222e-09
0.9 1.76711258449e-09
0.95 1.85940133673e-09
1.0 1.96568558849e-09
1.05 2.09224187274e-09
1.1 2.24922384416e-09
1.15 2.45352041133e-09
1.2 2.71599372332e-09
1.25 3.03125109174e-09
1.3 3.40653194048e-09
1.35 3.97330535318e-09
1.4 4.73060423704e-09
1.45 9.99686277117e-09
1.5 4.94732691138e-08
1.55 8.65611462908e-09
1.6 0.0432887927487
1.65 0.0514102601327
1.7 0.16692531245
1.75 0.16861842363
1.8 0.227831863808
1.85 0.247425554129
1.9 0.247425594081
1.95 0.304266542351
2.0 0.342792619534
0.0 0.0