0 0.0
0.05 5.95830944112e-09
0.1 4.02315018017e-11
0.15 6.16851158143e-11
0.2 8.42296199509e-11
0.25 1.05961948354e-10
0.3 1.29123382534e-10
0.35 1.60396072816e-10
0.4 1.78310899373e-10
0.45 2.0431089891e-10
0.5 2.31432000364e-10
0.55 2.59525189313e-10
0.6 2.88893949269e-10
0.65 3.19405001046e-10
0.7 3.51226367338e-10
0.75 3.8446075954e-10
0.8 4.18948667936e-10
0.85 4.5504162249e-10
0.9 4.92368659088e-10
0.95 5.31244548874e-10
1.0 5.71567482903e-10
1.05 6.13409230484e-10
1.1 6.56737687458e-10
1.15 7.01437793851e-10
1.2 7.47302084899e-10
1.25 7.94323715713e-10
1.3 8.42564054759e-10
1.35 8.920041573e-10
1.4 9.42402104072e-10
1.45 9.93598137095e-10
1.5 1.04539967911e-09
1.55 1.09769346598e-09
1.6 1.15026015019e-09
1.65 1.2029159847e-09
1.7 1.25545911654e-09
1.75 1.31022630502e-09
1.8 1.37557908915e-09
1.85 1.44166483973e-09
1.9 1.50802645623e-09
1.95 1.57455199958e-09
2.0 1.64092432275e-09
0.0 0.0