0 0.0
0.05 1.44646889558e-11
0.1 -3.23558219073e-10
0.15 4.4501906026e-11
0.2 5.97949825995e-11
0.25 7.53146546891e-11
0.3 5.85008204937e-09
0.35 1.07319341582e-10
0.4 1.23859821789e-10
0.45 1.40572934668e-10
0.5 1.5770595291e-10
0.55 1.7516078571e-10
0.6 1.93060342475e-10
0.65 2.11466028026e-10
0.7 2.30408614676e-10
0.75 2.4967301688e-10
0.8 2.69485938105e-10
0.85 2.89788682572e-10
0.9 3.10577990888e-10
0.95 3.31890999618e-10
1.0 3.53766147343e-10
1.05 3.76127227103e-10
1.1 3.99056078732e-10
1.15 4.22543694032e-10
1.2 4.4661346121e-10
1.25 4.71261113169e-10
1.3 4.96466702882e-10
1.35 5.22247752624e-10
1.4 5.48645698938e-10
1.45 5.75600200789e-10
1.5 6.03159983497e-10
1.55 6.31269203286e-10
1.6 6.59923051589e-10
1.65 6.89085297538e-10
1.7 7.18782991234e-10
1.75 7.48991735289e-10
1.8 7.79627495182e-10
1.85 8.10740099147e-10
1.9 8.42308666945e-10
1.95 8.74387910501e-10
2.0 9.07051661278e-10
0.0 0.0