0 0.0
0.05 0.0188139559123
0.1 0.0245971189081
0.15 0.0274617788065
0.2 0.0343563644127
0.25 0.0520278141763
0.3 0.360102369511
0.35 0.523215151597
0.4 0.673573454366
0.45 0.835583655315
0.5 0.92342531925
0.55 0.923510079965
0.6 1.07635546523
0.65 1.10223989063
0.7 1.13608812079
0.75 1.14504214082
0.8 1.14504661015
0.85 1.15603781829
0.9 1.16243336782
0.95 1.16243342151
1.0 1.17514223259
1.05 1.1976229227
1.1 1.19762304683
1.15 1.2940072121
1.2 1.29400739102
1.25 1.29867180842
1.3 1.32868226867
1.35 1.36757829798
1.4 1.36757833408
1.45 1.46510290965
1.5 1.47121630015
1.55 1.47568658368
1.6 1.5528513026
1.65 1.56369836776
1.7 1.59455000613
1.75 1.59865141529
1.8 1.6403577032
1.85 1.68104325143
1.9 1.78861649507
1.95 1.84375583983
2.0 1.86242529361
1.68863375011 1.68863375011