0 0.0
0.05 3.60091977256e-09
0.1 3.89392406983e-08
0.15 0.0651703781802
0.2 0.204932043357
0.25 0.295423979425
0.3 0.360303249216
0.35 0.484635448658
0.4 0.511944762812
0.45 0.535767883251
0.5 0.572196183505
0.55 0.572196192162
0.6 0.572942383697
0.65 0.604498342764
0.7 0.611879953286
0.75 0.612313640115
0.8 0.641398771795
0.85 0.678395553797
0.9 0.714425459517
0.95 0.725544059106
1.0 0.732185407959
1.05 0.780862476136
1.1 0.802470660829
1.15 0.802470690557
1.2 0.832361206857
1.25 0.846604099694
1.3 0.863804137725
1.35 0.905189208939
1.4 0.906713487914
1.45 1.01614602412
1.5 1.02202846664
1.55 1.02954925226
1.6 1.13975591979
1.65 1.14791359994
1.7 1.15390779473
1.75 1.16372741185
1.8 1.16372742593
1.85 1.17047814975
1.9 1.17177476957
1.95 1.2151692651
2.0 1.25353368691
0.0 0.0