0 0.0
0.05 1.81265124443e-11
0.1 3.55913371781e-11
0.15 -5.48116957564e-10
0.2 1.26615717754e-09
0.25 9.03148367335e-11
0.3 1.08917108531e-10
0.35 6.74639619112e-09
0.4 1.45773467396e-10
0.45 1.04460658414e-08
0.5 1.23173561116e-08
0.55 2.01862450214e-10
0.6 1.6115449771e-08
0.65 2.40289616363e-10
0.7 2.00036554424e-08
0.75 2.79678942987e-10
0.8 3.07684816067e-10
0.85 3.20222771506e-10
0.9 3.41160101262e-10
0.95 3.62234331036e-10
1.0 3.83992339126e-10
1.05 4.05391740065e-10
1.1 4.27547860377e-10
1.15 4.50145156072e-10
1.2 4.72979132656e-10
1.25 5.00508609379e-10
1.3 4.59923156786e-08
1.35 4.8598892193e-08
1.4 5.7302826166e-10
1.45 6.00845796344e-10
1.5 6.29411330658e-10
1.55 6.5907992359e-10
1.6 7.0297159825e-10
1.65 6.58568440311e-08
1.7 7.49136404519e-10
1.75 7.80459561948e-10
1.8 8.11993582173e-10
1.85 8.45511624676e-10
1.9 8.77092635682e-10
1.95 9.08777037274e-10
2.0 9.4255447499e-10
0.0 0.0