0 0.0
0.05 8.3880537611e-11
0.1 1.68529513413e-10
0.15 2.55237865681e-10
0.2 3.45392634485e-10
0.25 4.40552535199e-10
0.3 5.42542155863e-10
0.35 6.53576623545e-10
0.4 7.76434954982e-10
0.45 9.14277306857e-10
0.5 1.07192973779e-09
0.55 1.25607821995e-09
0.6 1.47590046282e-09
0.65 1.74476592568e-09
0.7 2.08284588404e-09
0.75 2.52173908977e-09
0.8 3.0995143383e-09
0.85 3.86142857247e-09
0.9 4.97023697803e-09
0.95 9.93340513276e-09
1.0 2.69868819007e-08
1.05 0.0120212407107
1.1 0.0641240635142
1.15 0.211421253599
1.2 0.211421269291
1.25 0.278223330967
1.3 0.27822398657
1.35 0.308259794165
1.4 0.386138641731
1.45 0.417390127079
1.5 0.417390140535
1.55 0.521265053498
1.6 0.571621419837
1.65 0.582837272333
1.7 0.596253287176
1.75 0.660279530798
1.8 0.660279848629
1.85 0.68296492302
1.9 0.732900032134
1.95 0.753665302307
2.0 0.753665313712
0.0 0.0