0 0.0
0.05 8.23263350328e-12
0.1 -9.10067803181e-08
0.15 -8.88345314305e-08
0.2 8.52184733094e-11
0.25 -8.43797160527e-08
0.3 1.30618996467e-10
0.35 1.53294797602e-10
0.4 1.77144272324e-10
0.45 2.00885213918e-10
0.5 2.24846583519e-10
0.55 2.48718244371e-10
0.6 2.72699368786e-10
0.65 2.96804897428e-10
0.7 3.20724423207e-10
0.75 3.44567223125e-10
0.8 3.67499418454e-10
0.85 3.91686408149e-10
0.9 4.14917659975e-10
0.95 4.37899791824e-10
1.0 4.60549939853e-10
1.05 4.82921599321e-10
1.1 5.0500190621e-10
1.15 5.26680578365e-10
1.2 5.48089746169e-10
1.25 5.6912869061e-10
1.3 5.89812058828e-10
1.35 6.1034140487e-10
1.4 6.33349662699e-10
1.45 6.5559275228e-10
1.5 6.77054780176e-10
1.55 6.98052244403e-10
1.6 7.18369489639e-10
1.65 7.38188464683e-10
1.7 7.57608100565e-10
1.75 7.76629772065e-10
1.8 7.95337877704e-10
1.85 8.13788326541e-10
1.9 8.31988100046e-10
1.95 8.50015061902e-10
2.0 8.67938538248e-10
0.0 0.0