0 0.0
0.05 2.05784492743e-09
0.1 6.16134072541e-09
0.15 2.54545745215e-08
0.2 0.00229070040425
0.25 0.210260366201
0.3 0.21782304411
0.35 0.240824712777
0.4 0.252208848012
0.45 0.350586651013
0.5 0.364780501497
0.55 0.374381196909
0.6 0.654012440359
0.65 0.731829361429
0.7 0.743984233157
0.75 0.835529255221
0.8 0.946276404594
0.85 0.9876805685
0.9 0.993099787469
0.95 0.993100534819
1.0 1.03819633206
1.05 1.0637682066
1.1 1.06376826572
1.15 1.10102450246
1.2 1.1826166916
1.25 1.19064539609
1.3 1.28484625804
1.35 1.33718190966
1.4 1.38492601044
1.45 1.42079733923
1.5 1.42940562212
1.55 1.50719491255
1.6 1.5090626444
1.65 1.55341324462
1.7 1.74605983768
1.75 1.85275627876
1.8 1.89426659652
1.85 1.89707577393
1.9 1.89897592021
1.95 1.90348578976
2.0 1.90348585539
0.0 0.0