0 0.0
0.05 2.59077590904e-10
0.1 4.97936037568e-10
0.15 6.15132396732e-10
0.2 4.59560187024e-10
0.25 3.19897029077e-09
0.3 2.82518013813e-08
0.35 4.61985176589e-08
0.4 0.0203839487303
0.45 0.274348792448
0.5 0.373492914142
0.55 0.520250760766
0.6 0.582260560179
0.65 0.596078244452
0.7 0.604239550527
0.75 0.645118779437
0.8 0.673050755516
0.85 0.742081166677
0.9 0.763546426063
0.95 0.768081362715
1.0 0.778985094209
1.05 0.818674021906
1.1 0.818921833182
1.15 0.818921850013
1.2 0.858312635758
1.25 0.882658339405
1.3 0.923377517389
1.35 0.982079687964
1.4 1.03412763854
1.45 1.03412777593
1.5 1.03412780573
1.55 1.03695966276
1.6 1.03874887896
1.65 1.06311779903
1.7 1.07545256928
1.75 1.15805432277
1.8 1.17878603355
1.85 1.22435960333
1.9 1.2243597688
1.95 1.22605713623
2.0 1.28056906767
0.0 0.0