0 0.0
0.05 1.57533785184e-11
0.1 3.1427956495e-11
0.15 5.24219847702e-11
0.2 6.8479132234e-11
0.25 8.16251051543e-11
0.3 -9.57894356036e-09
0.35 -7.95167353755e-09
0.4 1.28265025924e-10
0.45 -4.69765238106e-09
0.5 1.63446080872e-10
0.55 1.79803638859e-10
0.6 1.96210342779e-10
0.65 1.86945113462e-09
0.7 2.28676639626e-10
0.75 6.4551614045e-11
0.8 2.62658561504e-10
0.85 2.79386587304e-10
0.9 2.96387654122e-10
0.95 3.13435703722e-10
1.0 3.30629891745e-10
1.05 3.47950283096e-10
1.1 3.65616858439e-10
1.15 3.83101087684e-10
1.2 2.06851338581e-08
1.25 4.19020941372e-10
1.3 4.37187123219e-10
1.35 4.55805219485e-10
1.4 4.7425060639e-10
1.45 5.01560666748e-10
1.5 5.11964683583e-10
1.55 5.31936602549e-10
1.6 5.50927202168e-10
1.65 3.76146797084e-08
1.7 5.90019052986e-10
1.75 4.15775099104e-08
1.8 4.35799529901e-08
1.85 6.51346020911e-10
1.9 4.76171079585e-08
1.95 6.91331906271e-10
2.0 5.16813606317e-08
0.0 0.0