0 0.0
0.05 3.63640099128e-08
0.1 3.80054476206e-08
0.15 3.96554330103e-08
0.2 4.13105879712e-08
0.25 4.29663929325e-08
0.3 4.46216876869e-08
0.35 4.62752687294e-08
0.4 1.31784909104e-10
0.45 4.95723919689e-08
0.5 5.12134143377e-08
0.55 1.81379988816e-10
0.6 5.46152807862e-08
0.65 5.69025662962e-08
0.7 2.45251685107e-10
0.75 6.16255211559e-08
0.8 2.9325363011e-10
0.85 6.65508777487e-08
0.9 6.91704543871e-08
0.95 3.71770195052e-10
1.0 4.01454995872e-10
1.05 4.27450128913e-10
1.1 4.56470562919e-10
1.15 4.86108285716e-10
1.2 5.17483259925e-10
1.25 5.47607851551e-10
1.3 5.7936967635e-10
1.35 6.1187962409e-10
1.4 6.62362730808e-10
1.45 6.79039962489e-10
1.5 7.13831239451e-10
1.55 7.49330571103e-10
1.6 7.85581148863e-10
1.65 8.22923079634e-10
1.7 8.60533472022e-10
1.75 8.99359390617e-10
1.8 9.38845764423e-10
1.85 9.79252326726e-10
1.9 1.02048320122e-09
1.95 1.06271520462e-09
2.0 1.10573185247e-09
0.0 0.0