0 0.0
0.05 3.71373050043e-10
0.1 6.67885211517e-08
0.15 6.8072172142e-08
0.2 6.9206724265e-08
0.25 7.01861157676e-08
0.3 7.1005521704e-08
0.35 7.16614796077e-08
0.4 7.2152009197e-08
0.45 7.24765946488e-08
0.5 7.2636239032e-08
0.55 7.26335050352e-08
0.6 7.2472425302e-08
0.65 7.21584999651e-08
0.7 7.16985316961e-08
0.75 7.11005784752e-08
0.8 7.11568151393e-08
0.85 7.15791862957e-08
0.9 7.19423275373e-08
0.95 7.22445977408e-08
1.0 7.24834176323e-08
1.05 7.26548382636e-08
1.1 7.27534022206e-08
1.15 7.27717220695e-08
1.2 7.27001691446e-08
1.25 7.25264040835e-08
1.3 7.22389015128e-08
1.35 7.18170790381e-08
1.4 7.12330424143e-08
1.45 7.04565266534e-08
1.5 6.94496566452e-08
1.55 6.81643359772e-08
1.6 6.65383931402e-08
1.65 6.4488687476e-08
1.7 6.18981040414e-08
1.75 5.85874122582e-08
1.8 5.42454382759e-08
1.85 4.82143540946e-08
1.9 3.85832403431e-08
1.95 3.52234891857e-08
2.0 3.69119472195e-08
0.0 0.0