0 0.0
0.05 0.00701317145449
0.1 0.0139886243459
0.15 0.0574842580321
0.2 0.0681156522381
0.25 0.106762655607
0.3 0.137327790267
0.35 0.137374880065
0.4 0.138278609303
0.45 0.22528168684
0.5 0.256679425417
0.55 0.288639629554
0.6 0.292265863257
0.65 0.356236841933
0.7 0.434939129573
0.75 0.471065739248
0.8 0.521231752512
0.85 0.521231757653
0.9 0.521231758276
0.95 0.521231758505
1.0 0.521231758587
1.05 0.521231758667
1.1 0.521231758729
1.15 0.521231758771
1.2 0.521231758797
1.25 0.52123175882
1.3 0.521231758843
1.35 0.521231758859
1.4 0.521231758869
1.45 0.521231758892
1.5 0.52123175894
1.55 0.521231758933
1.6 0.521231758973
1.65 0.52123175897
1.7 0.521231758973
1.75 0.52123175899
1.8 0.521231759002
1.85 0.521231759012
1.9 0.521231759021
1.95 0.52123175903
2.0 0.52123175904
0.0 0.0