0 0.0
0.05 4.71167112548e-08
0.1 0.0314033320946
0.15 0.0349152008675
0.2 0.0779205191901
0.25 0.0900901940524
0.3 0.0900901929811
0.35 0.0900901948315
0.4 0.0900901951356
0.45 0.0900901952393
0.5 0.0900901952968
0.55 0.0900901953333
0.6 0.0900901953587
0.65 0.0900901953773
0.7 0.0900901953917
0.75 0.0900901954032
0.8 0.0900901954127
0.85 0.0900901954207
0.9 0.0900901954276
0.95 0.0900901954338
1.0 0.0900901954393
1.05 0.0900901954444
1.1 0.0900901954492
1.15 0.0900901949162
1.2 0.0900901953318
1.25 0.0900901957289
1.3 0.0900901961359
1.35 0.0900901954707
1.4 0.0900901954782
1.45 0.0900901955334
1.5 0.0900901955777
1.55 0.0900901958759
1.6 0.0900901976749
1.65 0.0900901969979
1.7 0.0900901955821
1.75 0.0900902019199
1.8 0.0900902000919
1.85 0.0900901986804
1.9 0.0900901978896
1.95 0.0900901971429
2.0 0.0900901961332
0.0 0.0