0 0.0
0.05 9.96968694267e-08
0.1 1.02284417047e-07
0.15 1.04832484027e-07
0.2 1.02551411807e-10
0.25 1.09813258153e-07
0.3 1.12247575457e-07
0.35 1.14645652527e-07
0.4 1.17008360001e-07
0.45 1.57990109884e-09
0.5 1.22870736252e-07
0.55 2.95019120244e-10
0.6 1.30180645597e-07
0.65 3.71469521809e-10
0.7 4.04819511246e-10
0.75 1.41273002963e-07
0.8 1.45003925311e-07
0.85 1.48751576612e-07
0.9 5.55421486581e-10
0.95 5.91786397663e-10
1.0 6.2980154425e-10
1.05 6.69765465311e-10
1.1 1.68214534191e-07
1.15 1.72415038802e-07
1.2 7.95235655104e-10
1.25 8.38209834875e-10
1.3 8.80000849968e-10
1.35 9.35635791066e-10
1.4 9.66712154771e-10
1.45 1.00818497994e-09
1.5 1.05674324846e-09
1.55 1.09568887297e-09
1.6 1.13623810361e-09
1.65 1.17855358805e-09
1.7 1.21986809543e-09
1.75 1.26139199086e-09
1.8 1.37962219426e-09
1.85 1.33857047668e-09
1.9 1.37189182237e-09
1.95 1.40381506419e-09
2.0 1.42740941289e-09
-0.731611680018 -0.731611680018