0 0.0
0.05 6.39570381127e-08
0.1 9.32035731689e-11
0.15 6.89857303302e-08
0.2 7.153756257e-08
0.25 7.41128972841e-08
0.3 1.52098268855e-10
0.35 7.9329533614e-08
0.4 2.05265427224e-10
0.45 8.46267242707e-08
0.5 2.58045535902e-10
0.55 2.8498027356e-10
0.6 9.31497292359e-08
0.65 9.68737445388e-08
0.7 3.92549757459e-10
0.75 1.04602255609e-07
0.8 4.71707079464e-10
0.85 5.12830814111e-10
0.9 5.54090628651e-10
0.95 5.97685862753e-10
1.0 6.42409378635e-10
1.05 6.88307455361e-10
1.1 7.35170868817e-10
1.15 7.83291021219e-10
1.2 8.32545618741e-10
1.25 8.83053875313e-10
1.3 9.34718428189e-10
1.35 9.8771455562e-10
1.4 1.04195977117e-09
1.45 1.09749484037e-09
1.5 1.15438107152e-09
1.55 1.21265656385e-09
1.6 1.27234481713e-09
1.65 1.33342773198e-09
1.7 1.39599272425e-09
1.75 1.46008296724e-09
1.8 1.52575022772e-09
1.85 1.59295608523e-09
1.9 1.66180464377e-09
1.95 1.73232627071e-09
2.0 1.80457291178e-09
0.0 0.0