0 0.0
0.05 -2.23619116569e-08
0.1 4.57776360615e-11
0.15 6.92596383171e-11
0.2 -1.5558870511e-08
0.25 1.13722077671e-10
0.3 1.87381611203e-10
0.35 1.5695878899e-10
0.4 1.77980295391e-10
0.45 1.98876486012e-10
0.5 -2.7444211121e-09
0.55 -6.76279627141e-10
0.6 2.61100150203e-10
0.65 2.81767228483e-10
0.7 3.02207042859e-10
0.75 3.22559758514e-10
0.8 3.435591511e-10
0.85 3.64437617246e-10
0.9 3.85486498531e-10
0.95 4.04472075202e-10
1.0 3.10089781967e-10
1.05 2.02901660029e-08
1.1 2.25094708042e-08
1.15 4.94944240107e-10
1.2 2.70696499262e-08
1.25 5.41269553911e-10
1.3 5.65526416235e-10
1.35 5.9007217851e-10
1.4 6.14555337744e-10
1.45 6.41363123438e-10
1.5 6.67182870783e-10
1.55 6.9402441066e-10
1.6 4.74315531885e-08
1.65 5.0245501029e-08
1.7 7.78544265519e-10
1.75 5.60354503607e-08
1.8 8.37446759723e-10
1.85 8.67316837138e-10
1.9 6.50084884702e-08
1.95 9.32283577211e-10
2.0 9.58222754694e-10
0.0 0.0