0 0.0
0.05 0.00427782558995
0.1 0.00520635646623
0.15 0.0102055410977
0.2 0.120927640307
0.25 0.120927879509
0.3 0.120927884726
0.35 0.120927887516
0.4 0.120927889128
0.45 0.12092789013
0.5 0.120927890834
0.55 0.120927891375
0.6 0.120927891813
0.65 0.120927892165
0.7 0.120927892445
0.75 0.120927892683
0.8 0.120927892881
0.85 0.12092789305
0.9 0.120927893204
0.95 0.12092789335
1.0 0.120927893491
1.05 0.120927893632
1.1 0.120927893758
1.15 0.120927893903
1.2 0.120927894067
1.25 0.12092789424
1.3 0.120927894413
1.35 0.120927894581
1.4 0.120927894737
1.45 0.120927894798
1.5 0.120927894618
1.55 0.120927894791
1.6 0.120927895134
1.65 0.120927898408
1.7 0.120927894408
1.75 0.120927897936
1.8 0.120927899636
1.85 0.120927900164
1.9 0.120927900764
1.95 0.120927901783
2.0 0.120927903421
0.0 0.0