0 0.0
0.05 3.82477332892e-10
0.1 6.71781017785e-10
0.15 8.98807379309e-10
0.2 1.08285548966e-09
0.25 1.23598290479e-09
0.3 1.36626706118e-09
0.35 1.47934826528e-09
0.4 1.57930186564e-09
0.45 1.66916662081e-09
0.5 1.75127713444e-09
0.55 1.82748234334e-09
0.6 1.89929438345e-09
0.65 1.96799426332e-09
0.7 2.03471042199e-09
0.75 2.10048080947e-09
0.8 2.16630566788e-09
0.85 2.23319678523e-09
0.9 2.3022277947e-09
0.95 2.37459098771e-09
1.0 2.45166660199e-09
1.05 2.53511241463e-09
1.1 2.62698509372e-09
1.15 2.72990957811e-09
1.2 2.84731920844e-09
1.25 2.98379559582e-09
1.3 3.14552466739e-09
1.35 3.3407820338e-09
1.4 3.58103120947e-09
1.45 3.86147812318e-09
1.5 3.82495631541e-09
1.55 1.00984595861e-08
1.6 1.79364576296e-08
1.65 1.58861319725e-08
1.7 0.00344372284448
1.75 0.0547609250024
1.8 0.237431438734
1.85 0.2402005879
1.9 0.240407675831
1.95 0.240407747061
2.0 0.240408274715
-0.697768613535 -0.697768613535