0 0.0
0.05 2.71040645932e-11
0.1 2.49789983185e-08
0.15 2.70699581134e-08
0.2 8.53560386627e-11
0.25 1.04838860513e-10
0.3 3.35708139957e-08
0.35 1.49572352139e-10
0.4 3.81075036075e-08
0.45 4.04385375538e-08
0.5 4.28112778114e-08
0.55 4.52251768843e-08
0.6 4.76793321034e-08
0.65 5.017252317e-08
0.7 5.27031525386e-08
0.75 5.52694329769e-08
0.8 5.78730681634e-08
0.85 6.05075903942e-08
0.9 6.31703081695e-08
0.95 6.5858569251e-08
1.0 6.85696706867e-08
1.05 7.13009151437e-08
1.1 7.40496839315e-08
1.15 7.68134760893e-08
1.2 7.9590003509e-08
1.25 8.23771884745e-08
1.3 8.51732720312e-08
1.35 8.7976870516e-08
1.4 9.07870028182e-08
1.45 9.36032005588e-08
1.5 9.64255518483e-08
1.55 9.92547822604e-08
1.6 1.02092346279e-07
1.65 1.05252009339e-07
1.7 1.10248309477e-07
1.75 1.1542584776e-07
1.8 1.20793011411e-07
1.85 1.2635882542e-07
1.9 1.32132943236e-07
1.95 1.38125667374e-07
2.0 1.4434796278e-07
0.0 0.0