0 0.0
0.05 2.65104663829e-11
0.1 -3.3216758526e-08
0.15 -3.07785399941e-08
0.2 -2.84387480396e-08
0.25 -2.61924468637e-08
0.3 -2.4034579532e-08
0.35 -2.19600295945e-08
0.4 -1.99636649553e-08
0.45 -1.81165748667e-08
0.5 -1.64492410408e-08
0.55 -1.47965444927e-08
0.6 -1.31565769205e-08
0.65 -1.15272479133e-08
0.7 -9.9063199748e-09
0.75 -8.29137926731e-09
0.8 -6.67987593043e-09
0.85 -5.06912715515e-09
0.9 -3.4563254287e-09
0.95 -1.83852900807e-09
1.0 -2.12731348146e-10
1.05 1.42470475536e-09
1.1 4.149730283e-10
1.15 4.74892458975e-09
1.2 6.44244416725e-09
1.25 8.16152365131e-09
1.3 9.90967070564e-09
1.35 1.16904634424e-08
1.4 1.35074873276e-08
1.45 1.53643264699e-08
1.5 1.72645691634e-08
1.55 1.92117588726e-08
1.6 2.12093911645e-08
1.65 2.32608808659e-08
1.7 2.53695458887e-08
1.75 2.75385706408e-08
1.8 2.97710116033e-08
1.85 1.11717378464e-09
1.9 3.44374346561e-08
1.95 7.53046709214e-10
2.0 3.9389595467e-08
0.0 0.0