0 0.0
0.05 1.85970505041e-08
0.1 3.71203663857e-11
0.15 5.51778319603e-11
0.2 7.57706086963e-11
0.25 9.42319634579e-11
0.3 1.1709814197e-10
0.35 3.03600066371e-08
0.4 3.25069522212e-08
0.45 1.79078239168e-10
0.5 2.01658896041e-10
0.55 2.25080789729e-10
0.6 2.4884180928e-10
0.65 2.73404693282e-10
0.7 2.98569290308e-10
0.75 3.24359854046e-10
0.8 3.50950609315e-10
0.85 3.78145051592e-10
0.9 4.05957634926e-10
0.95 4.34483352108e-10
1.0 4.6366958342e-10
1.05 4.93485182949e-10
1.1 5.24036360916e-10
1.15 5.55192199855e-10
1.2 5.8708805633e-10
1.25 6.19553367449e-10
1.3 6.52672024967e-10
1.35 6.86464880881e-10
1.4 7.20963317318e-10
1.45 7.56568236018e-10
1.5 7.92266876916e-10
1.55 8.29011283991e-10
1.6 8.664002157e-10
1.65 9.0448806792e-10
1.7 9.43294374613e-10
1.75 9.82708460853e-10
1.8 1.02289362227e-09
1.85 1.06374195989e-09
1.9 1.10528964629e-09
1.95 1.14751980976e-09
2.0 1.19051388991e-09
0.0 0.0