0 0.0
0.05 5.81123966263e-09
0.1 7.51656688924e-09
0.15 5.10944764359e-11
0.2 6.86643662101e-11
0.25 8.6526281829e-11
0.3 1.10720359055e-10
0.35 1.23451475212e-10
0.4 1.43445992436e-10
0.45 1.61968010449e-10
0.5 1.8157553292e-10
0.55 2.01655101552e-10
0.6 2.22102801667e-10
0.65 2.42945247489e-10
0.7 2.64089349961e-10
0.75 3.26825887408e-08
0.8 3.07295713171e-10
0.85 3.29611611351e-10
0.9 3.51949811908e-10
0.95 4.15993400579e-08
1.0 3.97740457414e-10
1.05 4.22093582237e-10
1.1 4.8575159698e-08
1.15 4.68149321698e-10
1.2 4.92158856206e-10
1.25 5.15791808981e-10
1.3 5.39739195371e-10
1.35 6.04896762312e-08
1.4 5.87634425245e-10
1.45 6.52477756994e-08
1.5 6.76025489176e-08
1.55 6.58389994699e-10
1.6 7.22310651354e-08
1.65 7.44909335658e-08
1.7 7.67047691182e-08
1.75 7.88649026373e-08
1.8 8.09633394782e-08
1.85 7.88802996422e-10
1.9 8.13530033309e-10
1.95 8.68036060032e-08
2.0 8.47951934326e-10
0.0 0.0