0 0.0
0.05 0.00438065430613
0.1 0.0262605584791
0.15 0.0950167291477
0.2 0.0950168333823
0.25 0.105305184728
0.3 0.17363201588
0.35 0.40996621665
0.4 0.499360538338
0.45 0.582759402626
0.5 0.640373475258
0.55 0.786605789142
0.6 0.901771105471
0.65 1.01744110875
0.7 1.05063575472
0.75 1.05063582931
0.8 1.05063591809
0.85 1.08048650447
0.9 1.11491771073
0.95 1.19619801244
1.0 1.20569648183
1.05 1.30221504732
1.1 1.37320954696
1.15 1.39270675074
1.2 1.39270681438
1.25 1.42397937333
1.3 1.48476692685
1.35 1.53469070401
1.4 1.56810588846
1.45 1.56810591744
1.5 1.79965002944
1.55 1.88741119912
1.6 1.95811532268
1.65 1.97430556663
1.7 1.9743055988
1.75 2.0564864965
1.8 2.13547548702
1.85 2.13571142591
1.9 2.16648294475
1.95 2.20031244503
2.0 2.37281276994
0.0 0.0