0 0.0
0.05 1.97252340118e-11
0.1 4.12497735361e-11
0.15 -7.34333132888e-09
0.2 -5.40767614502e-09
0.25 -3.51310974585e-09
0.3 -1.65456418777e-09
0.35 1.72861675861e-10
0.4 1.9738265446e-09
0.45 1.72146631753e-10
0.5 1.89946168982e-10
0.55 7.26141506613e-09
0.6 8.99966319e-09
0.65 1.0732214214e-08
0.7 1.24621832528e-08
0.75 1.41923450585e-08
0.8 1.5925065734e-08
0.85 1.7662310875e-08
0.9 1.94055742984e-08
0.95 2.11558618755e-08
1.0 2.2913625134e-08
1.05 2.46787794471e-08
1.1 2.64506245131e-08
1.15 2.82278266637e-08
1.2 3.00084169472e-08
1.25 3.17898015919e-08
1.3 3.35687312958e-08
1.35 3.53610797767e-08
1.4 3.71950301256e-08
1.45 3.90249735842e-08
1.5 4.08461667244e-08
1.55 4.2653484416e-08
1.6 4.44414930341e-08
1.65 4.62454115816e-08
1.7 4.80285810787e-08
1.75 4.98380669465e-08
1.8 5.16357695014e-08
1.85 5.34023152185e-08
1.9 5.51690015351e-08
1.95 5.69344405873e-08
2.0 5.86580637893e-08
0.0 0.0