0 0.0
0.05 0.00380357347581
0.1 0.00385409505258
0.15 0.0553760412565
0.2 0.055376183352
0.25 0.132643704543
0.3 0.132643716405
0.35 0.143690779522
0.4 0.169726276711
0.45 0.180930870496
0.5 0.276571452572
0.55 0.298600448141
0.6 0.313398343476
0.65 0.313399340802
0.7 0.313400879012
0.75 0.326618047964
0.8 0.326618055368
0.85 0.326618120122
0.9 0.330680396174
0.95 0.349053980654
1.0 0.368599227128
1.05 0.38881418287
1.1 0.388814368811
1.15 0.433988133919
1.2 0.433988204114
1.25 0.441137632398
1.3 0.457374383349
1.35 0.504380942348
1.4 0.555248692789
1.45 0.578189211083
1.5 0.58353476571
1.55 0.688966552569
1.6 0.788973018164
1.65 0.788973367504
1.7 0.791035167664
1.75 0.791035174304
1.8 0.791035209031
1.85 0.793828344667
1.9 0.802722093953
1.95 0.845410262058
2.0 0.896605089202
0.0 0.0