0 0.0
0.05 1.58000935076e-11
0.1 5.1510670577e-08
0.15 5.28653668105e-08
0.2 5.41467174672e-08
0.25 5.53504028606e-08
0.3 5.64725201121e-08
0.35 5.75134352947e-08
0.4 5.84756743104e-08
0.45 5.93516156458e-08
0.5 6.01396698173e-08
0.55 6.08388457982e-08
0.6 6.14487664028e-08
0.65 6.19696371318e-08
0.7 6.32047628362e-08
0.75 6.45551333698e-08
0.8 6.59013367143e-08
0.85 6.72416209681e-08
0.9 6.8581630374e-08
0.95 6.99357090874e-08
1.0 7.12827834277e-08
1.05 7.26214622803e-08
1.1 7.39958563124e-08
1.15 7.54034938027e-08
1.2 7.68013273386e-08
1.25 7.81861175112e-08
1.3 7.95539837506e-08
1.35 8.09001900008e-08
1.4 8.22190829305e-08
1.45 8.35039636227e-08
1.5 8.47468679401e-08
1.55 8.59384208361e-08
1.6 8.70675986187e-08
1.65 8.81214610537e-08
1.7 8.90847666792e-08
1.75 8.99396315937e-08
1.8 9.066498166e-08
1.85 9.12358003856e-08
1.9 9.16223009615e-08
1.95 9.17886709424e-08
2.0 9.1691282596e-08
0.0 0.0