0 0.0
0.05 1.29698415701e-10
0.1 2.48592532424e-10
0.15 3.58913697085e-10
0.2 4.62534374223e-10
0.25 5.61024495003e-10
0.3 6.55778913417e-10
0.35 7.48114403153e-10
0.4 8.39184039539e-10
0.45 9.30115639978e-10
0.5 1.02205556817e-09
0.55 1.11620947722e-09
0.6 1.21405913353e-09
0.65 1.31732494925e-09
0.7 1.42764216546e-09
0.75 1.54713151836e-09
0.8 1.67839207425e-09
0.85 1.82465774714e-09
0.9 1.98998507965e-09
0.95 2.17944736987e-09
1.0 2.39927309387e-09
1.05 2.65684694855e-09
1.1 2.96091551463e-09
1.15 3.38563823354e-09
1.2 4.07937969534e-09
1.25 5.26346603838e-09
1.3 7.29489819039e-09
1.35 1.13156199617e-08
1.4 2.47777276577e-08
1.45 1.51704895233e-07
1.5 0.033077419352
1.55 0.117925034588
1.6 0.121481216796
1.65 0.134853610303
1.7 0.223486478121
1.75 0.242254890035
1.8 0.252333731345
1.85 0.252333803002
1.9 0.252333884582
1.95 0.347352022612
2.0 0.415394801774
0.0 0.0