0 0.0
0.05 1.59866681405e-08
0.1 1.7506321021e-08
0.15 1.90071946007e-08
0.2 2.04861003827e-08
0.25 2.19395011552e-08
0.3 2.33635733601e-08
0.35 2.47541992819e-08
0.4 2.6106990227e-08
0.45 2.74173902708e-08
0.5 2.86806563625e-08
0.55 2.98919923235e-08
0.6 3.10466201234e-08
0.65 3.21398015661e-08
0.7 3.32862362191e-08
0.75 3.48531896343e-08
0.8 3.64208352251e-08
0.85 3.79876326244e-08
0.9 3.95520917825e-08
0.95 4.11250773366e-08
1.0 4.26992694677e-08
1.05 4.42684744815e-08
1.1 4.58311533305e-08
1.15 4.73856820784e-08
1.2 4.89301499268e-08
1.25 5.04622810521e-08
1.3 5.19792312774e-08
1.35 5.34774139363e-08
1.4 5.49522479447e-08
1.45 5.63978698263e-08
1.5 5.78068099336e-08
1.55 5.91721845983e-08
1.6 6.05038152956e-08
1.65 6.17649371711e-08
1.7 6.29368683105e-08
1.75 6.3995963056e-08
1.8 6.49122217633e-08
1.85 6.56472428966e-08
1.9 6.61511039296e-08
1.95 6.63575090602e-08
2.0 6.61758078482e-08
0.0 0.0