0 0.0
0.05 -1.45722143182e-08
0.1 -1.29629237868e-08
0.15 -1.13926468268e-08
0.2 -9.85889090652e-09
0.25 -8.36022599136e-09
0.3 -6.89491705324e-09
0.35 -5.46127646859e-09
0.4 -4.05762494256e-09
0.45 -2.68234502167e-09
0.5 -1.33386512608e-09
0.55 -1.06524979614e-11
0.6 1.28873946349e-09
0.65 2.56570571427e-09
0.7 3.82160080912e-09
0.75 5.05765378771e-09
0.8 6.27504910332e-09
0.85 7.4748682647e-09
0.9 8.65812226007e-09
0.95 9.82569506621e-09
1.0 1.09784208981e-08
1.05 1.21169882097e-08
1.1 1.32420165053e-08
1.15 1.43539765168e-08
1.2 1.54532802633e-08
1.25 1.65401829544e-08
1.3 1.76148674283e-08
1.35 1.86773882916e-08
1.4 1.97276764025e-08
1.45 2.07655596458e-08
1.5 2.17907712464e-08
1.55 2.28029188618e-08
1.6 2.38147564412e-08
1.65 2.48206542136e-08
1.7 2.58136948314e-08
1.75 2.68012396479e-08
1.8 2.77788836676e-08
1.85 2.87424323215e-08
1.9 2.96919517233e-08
1.95 3.06264265153e-08
2.0 3.15440588277e-08
0.0 0.0