0 0.0
0.05 2.91259010015e-09
0.1 4.33014101624e-09
0.15 4.22677463598e-11
0.2 6.96502838839e-09
0.25 8.20813046707e-09
0.3 9.40323549003e-09
0.35 1.05513817751e-08
0.4 1.16535335498e-08
0.45 1.27140494944e-08
0.5 1.39792380942e-08
0.55 1.52440400851e-08
0.6 1.65092594773e-08
0.65 1.77755641165e-08
0.7 1.90434283922e-08
0.75 2.03131522125e-08
0.8 2.15849163196e-08
0.85 2.28586636759e-08
0.9 2.41359694341e-08
0.95 2.54217628083e-08
1.0 2.67091812001e-08
1.05 2.79973822461e-08
1.1 2.928531803e-08
1.15 3.05716761613e-08
1.2 3.18549082618e-08
1.25 3.3133150327e-08
1.3 3.44042647493e-08
1.35 3.56657285637e-08
1.4 3.6914684429e-08
1.45 3.814777008e-08
1.5 3.93611840505e-08
1.55 4.05505212076e-08
1.6 4.17107384663e-08
1.65 4.28360329799e-08
1.7 4.39196975615e-08
1.75 4.49539890167e-08
1.8 4.59299110948e-08
1.85 4.68369406791e-08
1.9 4.7662679933e-08
1.95 4.83923888391e-08
2.0 4.90083257646e-08
0.0 0.0