0 0.0
0.05 0.00274645236232
0.1 0.0472840869067
0.15 0.0618178557716
0.2 0.0793501827628
0.25 0.106931900899
0.3 0.166425082257
0.35 0.237588270805
0.4 0.336284444573
0.45 0.431725514582
0.5 0.436065777031
0.55 0.455385378138
0.6 0.455385369737
0.65 0.455385366918
0.7 0.455385368428
0.75 0.455385386112
0.8 0.45538538608
0.85 0.455385386102
0.9 0.455385386125
0.95 0.455385386161
1.0 0.455385380749
1.05 0.455385383163
1.1 0.455385385831
1.15 0.455385385892
1.2 0.455385385942
1.25 0.455385386014
1.3 0.455385386109
1.35 0.455385386137
1.4 0.455385386253
1.45 0.455385386225
1.5 0.455385386261
1.55 0.45538538629
1.6 0.455385386311
1.65 0.455385386347
1.7 0.455385386371
1.75 0.455385386399
1.8 0.455385386426
1.85 0.455385386457
1.9 0.455385386492
1.95 0.455385386543
2.0 0.455385386617
0.0 0.0