0 0.0
0.05 1.74363233411e-11
0.1 -1.19298479466e-08
0.15 -1.02460946254e-08
0.2 -8.60275223606e-09
0.25 -6.99676979043e-09
0.3 -5.4251675349e-09
0.35 -3.88500254255e-09
0.4 -2.37342891727e-09
0.45 -8.876694567e-10
0.5 5.7496387287e-10
0.55 2.01706433758e-09
0.6 3.44111791512e-09
0.65 4.8494923103e-09
0.7 6.24446830906e-09
0.75 7.62816576035e-09
0.8 9.00262305336e-09
0.85 1.03696846841e-08
0.9 1.17323758697e-08
0.95 1.30945329851e-08
1.0 1.44548670366e-08
1.05 1.5814628565e-08
1.1 1.71749358473e-08
1.15 1.85366902308e-08
1.2 1.99065574677e-08
1.25 2.13121098536e-08
1.3 2.27260436887e-08
1.35 2.41487171966e-08
1.4 2.55803000471e-08
1.45 2.70207983787e-08
1.5 2.84700556017e-08
1.55 2.99277458817e-08
1.6 3.13933514369e-08
1.65 3.28662810087e-08
1.7 3.4345735876e-08
1.75 3.58308488517e-08
1.8 3.73206042175e-08
1.85 3.88139270379e-08
1.9 4.03096468108e-08
1.95 4.18065706711e-08
2.0 4.33034290067e-08
0.0 0.0