0 0.0
0.05 1.3796153943e-10
0.1 2.89796217698e-10
0.15 4.57529665467e-10
0.2 6.45659038223e-10
0.25 8.50394200774e-10
0.3 1.06413569943e-09
0.35 1.26302529368e-09
0.4 1.39158071318e-09
0.45 2.29834295143e-09
0.5 4.1782082995e-09
0.55 5.2127773066e-09
0.6 0.0457981067745
0.65 0.125295565522
0.7 0.184806947795
0.75 0.195979365357
0.8 0.20677040944
0.85 0.251621969933
0.9 0.288291439907
0.95 0.292536862195
1.0 0.292536877005
1.05 0.297310958651
1.1 0.297311090832
1.15 0.317348717762
1.2 0.392305321137
1.25 0.405132974924
1.3 0.408437564137
1.35 0.408437819807
1.4 0.420000752013
1.45 0.430357337628
1.5 0.439916085981
1.55 0.445148024877
1.6 0.445148087618
1.65 0.514419169387
1.7 0.673347847201
1.75 0.692368800181
1.8 1.0926857365
1.85 1.10669829783
1.9 1.17094568183
1.95 1.20444698096
2.0 1.20670891432
0.0 0.0