0 0.0
0.05 1.47806655513e-10
0.1 2.74802799594e-10
0.15 3.85981465569e-10
0.2 4.85018969549e-10
0.25 5.74705638982e-10
0.3 6.57224970946e-10
0.35 7.3434122202e-10
0.4 8.07530204287e-10
0.45 8.78074346029e-10
0.5 9.47134413821e-10
0.55 1.01580501337e-09
0.6 1.08515458732e-09
0.65 1.15637525297e-09
0.7 1.23053893459e-09
0.75 1.30839350623e-09
0.8 1.39028075827e-09
0.85 1.47922537461e-09
0.9 1.56894349456e-09
0.95 1.66491555513e-09
1.0 1.87630346883e-09
1.05 2.11115059663e-09
1.1 2.37694188674e-09
1.15 2.70468115747e-09
1.2 3.14355921797e-09
1.25 3.34233915317e-09
1.3 3.10648264179e-09
1.35 4.09060516767e-09
1.4 1.76350878014e-08
1.45 4.34010924623e-08
1.5 0.0138739488209
1.55 0.165870764504
1.6 0.302162879792
1.65 0.498955842546
1.7 0.532114159999
1.75 0.53211446342
1.8 0.606464134635
1.85 0.606464276933
1.9 0.733071683133
1.95 0.810921230969
2.0 0.889966725145
-0.331972964743 -0.331972964743