0 0.0
0.05 8.98770050148e-11
0.1 1.8461418989e-10
0.15 2.86111943493e-10
0.2 3.96703600131e-10
0.25 5.1935945443e-10
0.3 6.57991846032e-10
0.35 8.1793310467e-10
0.4 1.0067153866e-09
0.45 1.23540772811e-09
0.5 1.52103938597e-09
0.55 1.89130933815e-09
0.6 2.39457789386e-09
0.65 3.12368176601e-09
0.7 4.28460573508e-09
0.75 6.45502559602e-09
0.8 1.24044313235e-08
0.85 7.02682029431e-07
0.9 0.0227550358216
0.95 0.145778254831
1.0 0.17617265361
1.05 0.255373339489
1.1 0.258431082403
1.15 0.54910622527
1.2 0.743050803652
1.25 0.744808365738
1.3 0.744808833689
1.35 0.881732760023
1.4 1.03463593157
1.45 1.14748733645
1.5 1.20407612146
1.55 1.23728028564
1.6 1.23728043463
1.65 1.25147404281
1.7 1.26348227192
1.75 1.26348233688
1.8 1.37832056169
1.85 1.3963797428
1.9 1.46657655997
1.95 1.49317431921
2.0 1.53911385055
0.0 0.0