0 0.0
0.05 0.0141440548486
0.1 0.0284961750645
0.15 0.0626385087075
0.2 0.143708185709
0.25 0.249642083803
0.3 0.259926720582
0.35 0.324366156821
0.4 0.494859213055
0.45 0.540476241171
0.5 0.548165799873
0.55 0.633806555554
0.6 0.633806565174
0.65 0.695441276927
0.7 0.695441346647
0.75 0.713494570309
0.8 0.743833168883
0.85 0.866639899498
0.9 1.07527617086
0.95 1.0754886044
1.0 1.07919421578
1.05 1.21455033309
1.1 1.28815375543
1.15 1.29495490034
1.2 1.3334828711
1.25 1.34718774401
1.3 1.34718786819
1.35 1.35493030374
1.4 1.3549303399
1.45 1.35493034725
1.5 1.35493035308
1.55 1.35493036331
1.6 1.36015524612
1.65 1.36015540692
1.7 1.36477364211
1.75 1.36783791897
1.8 1.38563696107
1.85 1.42009887922
1.9 1.42009891543
1.95 1.42009895081
2.0 1.46269001582
1.23607606973 1.23607606973