0 0.0
0.05 8.26015202349e-08
0.1 0.0994672372725
0.15 0.128682993856
0.2 0.138484048333
0.25 0.138484105005
0.3 0.144694867556
0.35 0.144695150688
0.4 0.170802452822
0.45 0.18029600902
0.5 0.189324470947
0.55 0.199659807794
0.6 0.242523769277
0.65 0.277026687591
0.7 0.363553947324
0.75 0.363554016042
0.8 0.416181320493
0.85 0.559232884095
0.9 0.559232982288
0.95 0.644176154057
1.0 0.682528596624
1.05 0.682528617354
1.1 0.690157276675
1.15 0.827840160224
1.2 0.870709715107
1.25 0.931587663268
1.3 1.05562989642
1.35 1.12984209749
1.4 1.25379993279
1.45 1.3545898329
1.5 1.42475341039
1.55 1.4247534982
1.6 1.44173169649
1.65 1.44173159541
1.7 1.44173168729
1.75 1.44173169862
1.8 1.44444932915
1.85 1.45084847488
1.9 1.45084947407
1.95 1.46778141881
2.0 1.49175219927
1.33626133243 1.33626133243