0 0.0
0.05 0.0505212993876
0.1 0.0625977749062
0.15 0.0958576351051
0.2 0.120697845354
0.25 0.222841158668
0.3 0.283385508838
0.35 0.514444157063
0.4 0.756401103554
0.45 0.928172080269
0.5 0.941773043283
0.55 0.946606438528
0.6 0.968453594537
0.65 0.96845376723
0.7 0.989758973044
0.75 1.00206725665
0.8 1.02413818835
0.85 1.13521731806
0.9 1.16189063921
0.95 1.16189116619
1.0 1.17313023998
1.05 1.17313049233
1.1 1.18328627009
1.15 1.2146950117
1.2 1.2146950736
1.25 1.21674507359
1.3 1.24106971581
1.35 1.29721420663
1.4 1.32304234871
1.45 1.34579640975
1.5 1.40054670706
1.55 1.40054682261
1.6 1.43484112308
1.65 1.46430502232
1.7 1.48028090265
1.75 1.48702712396
1.8 1.49844807175
1.85 1.62297724143
1.9 1.68549785644
1.95 1.7049087153
2.0 1.80129623991
1.27094832144 1.27094832144