0 0.0
0.05 1.0609770666e-10
0.1 2.2202113617e-10
0.15 3.50731651715e-10
0.2 4.99367111592e-10
0.25 6.71374446439e-10
0.3 8.74741999233e-10
0.35 1.12091735998e-09
0.4 1.42666212362e-09
0.45 1.81663309542e-09
0.5 2.3251651028e-09
0.55 2.98595494094e-09
0.6 3.75388747553e-09
0.65 4.86480975632e-09
0.7 4.52124494242e-09
0.75 0.0364685547039
0.8 0.309625479403
0.85 0.33055866189
0.9 0.330558772402
0.95 0.335892616287
1.0 0.338062971913
1.05 0.381945351014
1.1 0.427618340988
1.15 0.461318553669
1.2 0.540467286496
1.25 0.55665966627
1.3 0.559881553638
1.35 0.559881785343
1.4 0.719294803151
1.45 0.796477949253
1.5 0.853038434998
1.55 0.927822337938
1.6 0.946545766155
1.65 0.946545777185
1.7 1.01107225463
1.75 1.05325524701
1.8 1.08949870989
1.85 1.19460339395
1.9 1.1946034282
1.95 1.19637015853
2.0 1.20947023842
-0.236799192963 -0.236799192963