0 0.0
0.05 1.16904642883e-09
0.1 1.96196511472e-09
0.15 2.52836058223e-09
0.2 2.96196347913e-09
0.25 3.30990446612e-09
0.3 3.59830011865e-09
0.35 3.84430063959e-09
0.4 4.05673380938e-09
0.45 4.24521529966e-09
0.5 4.41581807265e-09
0.55 4.57297160743e-09
0.6 4.72001879685e-09
0.65 4.85967592255e-09
0.7 4.99289301435e-09
0.75 5.12248603291e-09
0.8 5.25495122048e-09
0.85 5.38936500381e-09
0.9 5.52721828503e-09
0.95 5.67077979874e-09
1.0 5.82240539462e-09
1.05 5.97957586993e-09
1.1 6.13583843898e-09
1.15 6.31271985032e-09
1.2 6.52522312889e-09
1.25 6.72039333376e-09
1.3 6.58670454642e-09
1.35 7.63818325047e-09
1.4 7.8526029986e-09
1.45 1.10035005067e-08
1.5 8.88040964851e-09
1.55 9.41035954713e-09
1.6 1.02571428178e-08
1.65 1.67392018863e-08
1.7 1.59283304425e-08
1.75 1.86894572985e-08
1.8 7.04113493059e-09
1.85 0.00605871629849
1.9 0.00605873433516
1.95 0.0281160689976
2.0 0.083289667136
0.0 0.0