0 0.0
0.05 2.60973268625e-11
0.1 4.51714622325e-11
0.15 6.92446348238e-11
0.2 1.87828712821e-08
0.25 2.13582127619e-08
0.3 1.46407986747e-10
0.35 1.74965209472e-10
0.4 2.03926421551e-10
0.45 2.34045011636e-10
0.5 2.65785480088e-10
0.55 2.99077196591e-10
0.6 3.33678710679e-10
0.65 3.69873882489e-10
0.7 4.07617037962e-10
0.75 4.46995635771e-10
0.8 4.87865776657e-10
0.85 5.3037346371e-10
0.9 5.74399085194e-10
0.95 6.19950381706e-10
1.0 6.66895456202e-10
1.05 7.15116866941e-10
1.1 7.64526271435e-10
1.15 8.1493661415e-10
1.2 8.66124106224e-10
1.25 9.18131804329e-10
1.3 9.70625452074e-10
1.35 1.02329767864e-09
1.4 1.0757382663e-09
1.45 1.127611624e-09
1.5 1.17852776367e-09
1.55 1.22812155972e-09
1.6 1.27602688335e-09
1.65 1.32154311075e-09
1.7 1.36462561012e-09
1.75 1.40375507337e-09
1.8 1.43915226119e-09
1.85 1.47013217159e-09
1.9 1.49317804604e-09
1.95 1.50985514632e-09
2.0 1.52180181672e-09
0.0 0.0