0 0.0
0.05 -2.38285018547e-11
0.1 -8.0556762365e-10
0.15 4.87028541902e-09
0.2 1.01684330601e-08
0.25 -8.73512353714e-10
0.3 7.66989835183e-09
0.35 1.7683982104e-07
0.4 0.133791684942
0.45 0.299856194042
0.5 0.371673464797
0.55 0.371673491268
0.6 0.37652945923
0.65 0.435294467244
0.7 0.451571892753
0.75 0.533444942243
0.8 0.547478627753
0.85 0.582937679958
0.9 0.5829376831
0.95 0.662583491732
1.0 0.728515496168
1.05 0.728516037595
1.1 0.773391244452
1.15 0.7909021922
1.2 0.790902228668
1.25 0.792427876699
1.3 0.799255079771
1.35 0.799255115431
1.4 0.819208450943
1.45 0.839021099331
1.5 0.867839245705
1.55 0.908640426643
1.6 0.908640429587
1.65 0.910343655671
1.7 0.910343756107
1.75 0.910343775981
1.8 0.927560981779
1.85 0.984141099212
1.9 1.06556984459
1.95 1.10831435257
2.0 1.109967364
0.0 0.0