0 0.0
0.05 1.76979348243e-11
0.1 3.66145229021e-11
0.15 5.55736703497e-11
0.2 7.50071904502e-11
0.25 7.97820607935e-09
0.3 1.1561664236e-10
0.35 1.3687858571e-10
0.4 1.58962432904e-10
0.45 1.81856788036e-10
0.5 2.05194102185e-10
0.55 2.29691507572e-10
0.6 2.55162073744e-10
0.65 2.82115757118e-10
0.7 3.0917683331e-10
0.75 3.37846151275e-10
0.8 3.67728519431e-10
0.85 3.98832479765e-10
0.9 4.31289829806e-10
0.95 4.64946937025e-10
1.0 5.00233042772e-10
1.05 5.37049252138e-10
1.1 5.72782214981e-10
1.15 6.01495659087e-10
1.2 6.30644205303e-10
1.25 6.60226906769e-10
1.3 6.90175066092e-10
1.35 7.20483618831e-10
1.4 7.51170232242e-10
1.45 7.82558421899e-10
1.5 8.1359743262e-10
1.55 8.45398166264e-10
1.6 8.77434857344e-10
1.65 9.09730527307e-10
1.7 9.42277434756e-10
1.75 9.75064080679e-10
1.8 1.00814533464e-09
1.85 1.04147300977e-09
1.9 1.07561286662e-09
1.95 1.10900084864e-09
2.0 1.14311928952e-09
0.0 0.0