0 0.0
0.05 1.0798362795e-08
0.1 3.61854774011e-11
0.15 5.42566027611e-11
0.2 1.63121908431e-08
0.25 9.20959796139e-11
0.3 2.01512180887e-08
0.35 1.31105332163e-10
0.4 1.51389699432e-10
0.45 1.72049111467e-10
0.5 1.93208119589e-10
0.55 2.63672893127e-10
0.6 2.43409363319e-10
0.65 2.70768039006e-10
0.7 3.14196685614e-10
0.75 3.21060503037e-10
0.8 3.50237685262e-10
0.85 3.80816239884e-10
0.9 4.14201846379e-10
0.95 4.44273806401e-10
1.0 4.77728468287e-10
1.05 5.12313783514e-10
1.1 5.47814602371e-10
1.15 5.84107423579e-10
1.2 6.21040485602e-10
1.25 6.58574526268e-10
1.3 6.96559617643e-10
1.35 7.34694414643e-10
1.4 7.7301658229e-10
1.45 8.11131596526e-10
1.5 8.48888677044e-10
1.55 8.86018589749e-10
1.6 9.22178745191e-10
1.65 9.57114144961e-10
1.7 9.90561561821e-10
1.75 1.02186646772e-09
1.8 1.05044651672e-09
1.85 1.07601913017e-09
1.9 1.097135337e-09
1.95 1.11460763933e-09
2.0 1.1259783574e-09
0.0 0.0