0 0.0
0.05 5.5605073279e-10
0.1 9.75323116488e-10
0.15 1.30426080101e-09
0.2 1.57109651756e-09
0.25 1.79383204364e-09
0.3 1.98444798448e-09
0.35 2.15107608822e-09
0.4 2.29978676022e-09
0.45 2.43497183658e-09
0.5 2.5598926047e-09
0.55 2.67703305756e-09
0.6 2.78827951306e-09
0.65 2.89501636415e-09
0.7 2.9981595268e-09
0.75 3.09814636701e-09
0.8 3.19491115769e-09
0.85 3.28790535554e-09
0.9 3.3761589649e-09
0.95 3.45757915301e-09
1.0 3.52418652057e-09
1.05 3.72466926718e-09
1.1 3.83692155475e-09
1.15 3.87186063475e-09
1.2 3.93969854168e-09
1.25 3.77496999157e-09
1.3 3.6561540359e-09
1.35 4.27786922113e-09
1.4 4.65550841624e-09
1.45 5.08054856428e-09
1.5 5.07384163712e-09
1.55 5.83848287335e-09
1.6 6.52949351579e-09
1.65 5.45450709038e-09
1.7 5.22078098652e-09
1.75 8.99823745847e-09
1.8 0.0108470525076
1.85 0.0143649546183
1.9 0.202716041144
1.95 0.528721121827
2.0 0.598420546082
0.0 0.0