0 0.0
0.05 -1.20400742961e-08
0.1 -1.03131922035e-08
0.15 -8.63711399563e-09
0.2 -7.00827561079e-09
0.25 -5.42321474567e-09
0.3 -3.88065709454e-09
0.35 -2.38122291523e-09
0.4 -9.13323732582e-10
0.45 5.26508963578e-10
0.5 1.94118443012e-09
0.55 3.39359789738e-09
0.6 4.86096591051e-09
0.65 6.34175914867e-09
0.7 7.83801445042e-09
0.75 9.35175185008e-09
0.8 1.0884930485e-08
0.85 1.24394290234e-08
0.9 1.40170615993e-08
0.95 1.56195375949e-08
1.0 1.72484692542e-08
1.05 1.89053414334e-08
1.1 2.05915037064e-08
1.15 2.23116399254e-08
1.2 2.40671390573e-08
1.25 2.58720899841e-08
1.3 2.77172404925e-08
1.35 2.96007791394e-08
1.4 3.1523283254e-08
1.45 3.34852198542e-08
1.5 3.54868849835e-08
1.55 3.75284654343e-08
1.6 3.96099973039e-08
1.65 4.17314538803e-08
1.7 4.38926759179e-08
1.75 4.60934447861e-08
1.8 4.83334565741e-08
1.85 5.06123639473e-08
1.9 6.79429250733e-10
1.95 5.52853697563e-08
2.0 5.76786646168e-08
0.0 0.0