0 0.0
0.05 9.26312051022e-11
0.1 1.80631136577e-10
0.15 2.6552791022e-10
0.2 3.48728138883e-10
0.25 4.31507411245e-10
0.3 5.15084635723e-10
0.35 6.00701804408e-10
0.4 6.89685109787e-10
0.45 7.83513695435e-10
0.5 8.83912901683e-10
0.55 9.92849170144e-10
0.6 1.11239194206e-09
0.65 1.24584826334e-09
0.7 1.39718199456e-09
0.75 1.57159157692e-09
0.8 1.77595007366e-09
0.85 2.01924792062e-09
0.9 2.3125306965e-09
0.95 2.66612672365e-09
1.0 3.07472447478e-09
1.05 3.44250415191e-09
1.1 4.04774871958e-09
1.15 7.93712730028e-09
1.2 0.0223305156045
1.25 0.154161323638
1.3 0.201013116019
1.35 0.316654384175
1.4 0.352774687234
1.45 0.429232094799
1.5 0.429232110681
1.55 0.679841982028
1.6 0.722443443262
1.65 0.835437376788
1.7 0.877799715109
1.75 0.92922977059
1.8 0.971723368679
1.85 1.04844212541
1.9 1.22391626793
1.95 1.29977680924
2.0 1.3687190215
0.0 0.0