0 0.0
0.05 8.34299188056e-11
0.1 1.66054350866e-10
0.15 2.48967938059e-10
0.2 3.3322803073e-10
0.25 4.1987983058e-10
0.3 5.09937746468e-10
0.35 6.04447769599e-10
0.4 7.04433113052e-10
0.45 8.11219680508e-10
0.5 9.2681152357e-10
0.55 1.05134165007e-09
0.6 1.18521117431e-09
0.65 1.33868856205e-09
0.7 1.70472020885e-09
0.75 2.22527512687e-09
0.8 2.80341701323e-09
0.85 3.55375863067e-09
0.9 4.36337658777e-09
0.95 3.98041050829e-09
1.0 5.06247361547e-09
1.05 0.0239221782005
1.1 0.0634647096123
1.15 0.350565980787
1.2 0.500443596181
1.25 0.533298012813
1.3 0.565723946612
1.35 0.617413978285
1.4 0.62273558571
1.45 0.626420115211
1.5 0.693709477608
1.55 0.693709517245
1.6 0.712436790704
1.65 0.740305332894
1.7 0.782012008861
1.75 0.829319827959
1.8 0.871765874908
1.85 0.889530096107
1.9 0.902457314201
1.95 0.922317298081
2.0 0.957717645088
0.0 0.0