0 0.0
0.05 1.76031837492e-09
0.1 2.76304107337e-09
0.15 3.38768513575e-09
0.2 3.80391773859e-09
0.25 4.09909299024e-09
0.3 4.32057700466e-09
0.35 4.49437286134e-09
0.4 4.6248948415e-09
0.45 4.72294275964e-09
0.5 4.81045826367e-09
0.55 4.8903964765e-09
0.6 4.96416723469e-09
0.65 5.03282557536e-09
0.7 5.09750451446e-09
0.75 5.16323444411e-09
0.8 5.22087203235e-09
0.85 5.27538013958e-09
0.9 5.33465088836e-09
0.95 5.39576101471e-09
1.0 5.45423023366e-09
1.05 5.51098789125e-09
1.1 5.57266724316e-09
1.15 5.63327556523e-09
1.2 5.73464667009e-09
1.25 5.84817685833e-09
1.3 5.99360321377e-09
1.35 6.1714189775e-09
1.4 5.6089326567e-09
1.45 5.37097285494e-09
1.5 5.37336295744e-09
1.55 5.43017180021e-09
1.6 5.88703357251e-09
1.65 6.62991995684e-09
1.7 7.10989187474e-09
1.75 8.91218154715e-09
1.8 1.44219804353e-08
1.85 0.0250569544701
1.9 0.103705738121
1.95 0.148967665486
2.0 0.159607424988
0.0 0.0