0 0.0
0.05 2.36950259419e-11
0.1 -7.05439657395e-08
0.15 -6.75207349425e-08
0.2 1.22013524258e-10
0.25 -6.1625567001e-08
0.3 -5.87574398106e-08
0.35 -5.59445705829e-08
0.4 -5.31884657844e-08
0.45 -5.04904750208e-08
0.5 -4.78517711987e-08
0.55 -4.52733489418e-08
0.6 -4.27560519122e-08
0.65 -4.03005074521e-08
0.7 -3.7907195511e-08
0.75 -3.55763818732e-08
0.8 -3.33081493522e-08
0.85 -3.11024137306e-08
0.9 -2.89588673854e-08
0.95 -2.68770187417e-08
1.0 -2.48562031214e-08
1.05 -2.28955521535e-08
1.1 -2.09940077638e-08
1.15 -1.9149431662e-08
1.2 -1.73611173626e-08
1.25 -1.56274988877e-08
1.3 -1.39468689958e-08
1.35 -1.23173674679e-08
1.4 -1.07369841877e-08
1.45 -9.20358750553e-09
1.5 -7.71492109098e-09
1.55 -6.26864500306e-09
1.6 -4.86231467426e-09
1.65 -3.49340922217e-09
1.7 -2.15935646327e-09
1.75 -8.57506630137e-10
1.8 4.14789681893e-10
1.85 1.66023446729e-09
1.9 2.88155650572e-09
1.95 4.08144656943e-09
2.0 5.26275992205e-09
0.0 0.0