0 0.0
0.05 1.23436263056e-10
0.1 2.6130577979e-10
0.15 4.18009503555e-10
0.2 5.99454337236e-10
0.25 8.13824225859e-10
0.3 1.07390838455e-09
0.35 1.39818586652e-09
0.4 1.80751587246e-09
0.45 2.32163490114e-09
0.5 2.85018102519e-09
0.55 3.77000099584e-09
0.6 4.74588343309e-09
0.65 0.0106690582311
0.7 0.0329181150897
0.75 0.114152591447
0.8 0.114152683634
0.85 0.31235716435
0.9 0.31434386574
0.95 0.357847312856
1.0 0.529718095974
1.05 0.534880545657
1.1 0.627840038292
1.15 0.628131473214
1.2 0.628131480887
1.25 0.63062864884
1.3 0.642860240742
1.35 0.665717089555
1.4 0.835239056086
1.45 1.00730249315
1.5 1.05679206186
1.55 1.10448638942
1.6 1.10448651683
1.65 1.14140660033
1.7 1.17348869424
1.75 1.1734892658
1.8 1.17549134173
1.85 1.20097257462
1.9 1.20238674135
1.95 1.23129698089
2.0 1.27458116753
0.0 0.0