0 0.0
0.05 4.91228120694e-10
0.1 8.60449782419e-10
0.15 1.14742730888e-09
0.2 1.37713693598e-09
0.25 1.56581564098e-09
0.3 1.72431383269e-09
0.35 1.86045427241e-09
0.4 1.97968989089e-09
0.45 2.08603323253e-09
0.5 2.18251792098e-09
0.55 2.27150160564e-09
0.6 2.35487051778e-09
0.65 2.43418237562e-09
0.7 2.51076806392e-09
0.75 2.58582085264e-09
0.8 2.66045195461e-09
0.85 2.73573721701e-09
0.9 2.81277845279e-09
0.95 2.89275998566e-09
1.0 2.97701432832e-09
1.05 3.06710342309e-09
1.1 3.16492271434e-09
1.15 3.27280518385e-09
1.2 3.39373233532e-09
1.25 3.53139346932e-09
1.3 3.68993938667e-09
1.35 3.87254886708e-09
1.4 4.10453005875e-09
1.45 4.5356614019e-09
1.5 7.5787465277e-09
1.55 1.02456229952e-08
1.6 1.43726916823e-08
1.65 2.81119287206e-08
1.7 7.27120968651e-08
1.75 0.0345043295632
1.8 0.0702075611666
1.85 0.131973008636
1.9 0.144355375474
1.95 0.198885296656
2.0 0.206001259786
0.0 0.0