0 0.0
0.05 6.31362875884e-08
0.1 8.20819431985e-11
0.15 1.25601797082e-10
0.2 1.71097328062e-10
0.25 2.17795481642e-10
0.3 2.66315681204e-10
0.35 3.16576398853e-10
0.4 3.68537332316e-10
0.45 4.22191336285e-10
0.5 4.77598410134e-10
0.55 5.346679448e-10
0.6 5.93492201279e-10
0.65 6.53856024029e-10
0.7 7.16419868302e-10
0.75 7.87603414965e-10
0.8 8.67328121779e-10
0.85 9.50422924194e-10
0.9 1.03699200794e-09
0.95 1.12710141169e-09
1.0 1.22079352034e-09
1.05 1.31825826891e-09
1.1 1.41953849331e-09
1.15 1.52472869085e-09
1.2 1.63398088968e-09
1.25 1.74738907815e-09
1.3 1.86505786754e-09
1.35 1.9871175292e-09
1.4 2.1136577444e-09
1.45 2.24485565133e-09
1.5 2.38080331787e-09
1.55 2.52163368033e-09
1.6 2.66747302164e-09
1.65 2.81850162057e-09
1.7 2.97481515103e-09
1.75 3.13312817741e-09
1.8 3.29612997304e-09
1.85 3.46469834162e-09
1.9 3.63901061435e-09
1.95 3.81919167145e-09
2.0 4.00546414435e-09
0.0 0.0