0 0.0
0.05 1.38864788588e-09
0.1 3.90387039352e-09
0.15 2.13038536049e-08
0.2 0.0201479516396
0.25 0.107671060116
0.3 0.107671076303
0.35 0.107671058979
0.4 0.107671102004
0.45 0.109362796807
0.5 0.109996452609
0.55 0.109996456617
0.6 0.109996496703
0.65 0.12295581906
0.7 0.135971591597
0.75 0.140653317175
0.8 0.140754859163
0.85 0.174574614196
0.9 0.199112664666
0.95 0.354037333647
1.0 0.42144437154
1.05 0.454543111519
1.1 0.463370028219
1.15 0.480491500653
1.2 0.49041617786
1.25 0.622538934984
1.3 0.62253937864
1.35 0.627334908293
1.4 0.627334913925
1.45 0.630390958011
1.5 0.636891785583
1.55 0.649677269572
1.6 0.784839202627
1.65 0.866653469475
1.7 0.92381322149
1.75 1.014516975
1.8 1.04687524009
1.85 1.08837359645
1.9 1.1334207201
1.95 1.13342273001
2.0 1.25952243044
-0.22862555781 -0.22862555781