0 0.0
0.05 3.5043919813e-08
0.1 3.80030726801e-11
0.15 3.8917285827e-08
0.2 4.08886266179e-08
0.25 9.71024146497e-11
0.3 4.48982663842e-08
0.35 4.69352642697e-08
0.4 1.58835393288e-10
0.45 1.79043631686e-10
0.5 1.9998660196e-10
0.55 2.20910243383e-10
0.6 5.7710353353e-08
0.65 6.04845677737e-08
0.7 6.33303548489e-08
0.75 3.31013892371e-10
0.8 6.92392870331e-08
0.85 3.91481185618e-10
0.9 4.22739329931e-10
0.95 4.54978691187e-10
1.0 4.88090930234e-10
1.05 5.21750582216e-10
1.1 5.56544852147e-10
1.15 5.92246593689e-10
1.2 6.28757886738e-10
1.25 6.66146513711e-10
1.3 7.0428095769e-10
1.35 7.43416061481e-10
1.4 7.83254698131e-10
1.45 8.24082638268e-10
1.5 8.65824015575e-10
1.55 9.08418495571e-10
1.6 9.51999395647e-10
1.65 9.96461798991e-10
1.7 1.04196076336e-09
1.75 1.08835816403e-09
1.8 1.13576429359e-09
1.85 1.18416673081e-09
1.9 1.23356166235e-09
1.95 1.28403446036e-09
2.0 1.3355222063e-09
0.0 0.0