0 0.0
0.05 2.75813881271e-10
0.1 4.97876992199e-10
0.15 6.81604157057e-10
0.2 8.37322951232e-10
0.25 9.72201261378e-10
0.3 1.09138021565e-09
0.35 1.19839739064e-09
0.4 1.29636451749e-09
0.45 1.38788385521e-09
0.5 1.47476636886e-09
0.55 1.55856102029e-09
0.6 1.64065073581e-09
0.65 1.72232954041e-09
0.7 1.80487022532e-09
0.75 1.88958971972e-09
0.8 1.9779194611e-09
0.85 2.07148838954e-09
0.9 2.17222970482e-09
0.95 2.28236846939e-09
1.0 2.40464145189e-09
1.05 2.54307732029e-09
1.1 2.70284699144e-09
1.15 2.89477686295e-09
1.2 3.14373877909e-09
1.25 3.45327109762e-09
1.3 3.70085938326e-09
1.35 4.32393350864e-09
1.4 5.28766857048e-09
1.45 6.74354793177e-09
1.5 9.45413280497e-09
1.55 1.69599853283e-08
1.6 9.27199794718e-08
1.65 0.0119948790062
1.7 0.0420381838967
1.75 0.131395636403
1.8 0.131406757052
1.85 0.183085650823
1.9 0.225451253662
1.95 0.225789584066
2.0 0.243681790065
0.0 0.0