0 0.0
0.05 1.34158338874e-11
0.1 2.71970106408e-11
0.15 4.18300897518e-11
0.2 -3.84573699935e-08
0.25 7.15294773013e-11
0.3 8.70382551544e-11
0.35 1.02754567831e-10
0.4 1.18656441088e-10
0.45 1.34683342628e-10
0.5 1.50981785964e-10
0.55 1.67410555055e-10
0.6 1.83873431561e-10
0.65 2.00448922496e-10
0.7 2.17087711047e-10
0.75 2.33745602777e-10
0.8 2.50451899623e-10
0.85 2.67141289863e-10
0.9 2.8385522855e-10
0.95 3.0056257623e-10
1.0 3.17244867009e-10
1.05 3.33926316342e-10
1.1 3.50577623485e-10
1.15 3.67226127537e-10
1.2 3.83778142495e-10
1.25 4.0047649767e-10
1.3 4.1743499161e-10
1.35 4.34650602876e-10
1.4 4.52159690678e-10
1.45 4.69963476678e-10
1.5 4.88105857364e-10
1.55 5.06591245683e-10
1.6 5.25455024986e-10
1.65 5.44704912873e-10
1.7 5.64407722804e-10
1.75 5.84553965081e-10
1.8 6.05162714265e-10
1.85 6.26242733455e-10
1.9 6.47821339053e-10
1.95 6.69909608175e-10
2.0 6.92533694619e-10
0.0 0.0