0 0.0
0.05 2.41723875728e-11
0.1 -1.5175128998e-08
0.15 6.753714786e-11
0.2 -1.09128349995e-08
0.25 -8.87346244236e-09
0.3 -6.88426781667e-09
0.35 -4.93909518212e-09
0.4 -3.0319828755e-09
0.45 -1.15715867026e-09
0.5 6.90919577595e-10
0.55 2.51754240674e-09
0.6 4.32769695913e-09
0.65 6.12607860014e-09
0.7 7.91699201168e-09
0.75 9.70435611541e-09
0.8 1.14916267111e-08
0.85 1.32817331029e-08
0.9 1.50770241003e-08
0.95 1.68791830458e-08
1.0 1.86891292966e-08
1.05 2.05069679308e-08
1.1 2.24615322668e-08
1.15 2.46122763168e-08
1.2 2.682410529e-08
1.25 2.90987911205e-08
1.3 3.14373093356e-08
1.35 3.38426839585e-08
1.4 3.63203522954e-08
1.45 3.8861963584e-08
1.5 4.1465360054e-08
1.55 4.41276522519e-08
1.6 4.68451590867e-08
1.65 4.96303233782e-08
1.7 5.24654664365e-08
1.75 5.53439449633e-08
1.8 5.8259974579e-08
1.85 6.12072492564e-08
1.9 6.41788841213e-08
1.95 6.71674402609e-08
2.0 7.01647926816e-08
0.0 0.0