0 0.0
0.05 7.27482472583e-08
0.1 7.49410659038e-08
0.15 7.71814804458e-08
0.2 9.06342082094e-11
0.25 1.11701637727e-10
0.3 1.37450168507e-10
0.35 8.63793701159e-08
0.4 8.87320610423e-08
0.45 9.11060248178e-08
0.5 9.35013987072e-08
0.55 9.59182604158e-08
0.6 9.83568365761e-08
0.65 1.00817326207e-07
0.7 1.03300037559e-07
0.75 3.52175163396e-10
0.8 3.77273528682e-10
0.85 4.12352466367e-10
0.9 4.30554811975e-10
0.95 4.54587406573e-10
1.0 1.18686084758e-07
1.05 1.21337170291e-07
1.1 1.24014889875e-07
1.15 1.26720067017e-07
1.2 1.29453610817e-07
1.25 6.1701626974e-10
1.3 6.47579581829e-10
1.35 6.78607491465e-10
1.4 7.64420964583e-10
1.45 7.37225967015e-10
1.5 1.46894853344e-07
1.55 7.98989416273e-10
1.6 8.35587452179e-10
1.65 8.55665574873e-10
1.7 9.00370881007e-10
1.75 1.62440232224e-07
1.8 1.20855826172e-09
1.85 1.68953456093e-07
1.9 1.01700031962e-09
1.95 1.75648900799e-07
2.0 1.08452760412e-09
0.0 0.0