0 0.0
0.05 8.74440634764e-08
0.1 1.03355616044e-10
0.15 1.60640072892e-10
0.2 2.2268347817e-10
0.25 2.89593108502e-10
0.3 3.62472518436e-10
0.35 3.94660501643e-10
0.4 3.86859346517e-10
0.45 4.60072269463e-10
0.5 1.18896360189e-07
0.55 1.17542981998e-07
0.6 1.15986508735e-07
0.65 1.14202713277e-07
0.7 1.12164918769e-07
0.75 1.09844338544e-07
0.8 1.07832978834e-07
0.85 1.05713012626e-07
0.9 1.03258414286e-07
0.95 1.00467076699e-07
1.0 9.73386170935e-08
1.05 9.38749797938e-08
1.1 9.00812814255e-08
1.15 8.65174486643e-08
1.2 8.38000678938e-08
1.25 8.05837992416e-08
1.3 7.78378158908e-08
1.35 7.73991580001e-08
1.4 7.63921906265e-08
1.45 7.48069125767e-08
1.5 7.27719635894e-08
1.55 7.37728538434e-08
1.6 7.43610075839e-08
1.65 7.4490269642e-08
1.7 7.41275948338e-08
1.75 7.32312928522e-08
1.8 7.17355387735e-08
1.85 6.9506535775e-08
1.9 6.62963035332e-08
1.95 6.16934961577e-08
2.0 6.04350311707e-08
0.0 0.0