0 0.0
0.05 1.80785256406e-09
0.1 5.03414720524e-09
0.15 5.19519035771e-08
0.2 0.0813075698357
0.25 0.163379960695
0.3 0.163380067332
0.35 0.166174252824
0.4 0.179814539488
0.45 0.221711453225
0.5 0.27148857658
0.55 0.271489288482
0.6 0.438248723372
0.65 0.606491380574
0.7 0.625780748207
0.75 0.965373482105
0.8 1.06666081922
0.85 1.10808190714
0.9 1.10808206622
0.95 1.15438193203
1.0 1.22934336934
1.05 1.37772179385
1.1 1.47944715931
1.15 1.48792916291
1.2 1.54543833616
1.25 1.54584387969
1.3 1.54987858728
1.35 1.54987862502
1.4 1.73559642762
1.45 1.73958326711
1.5 1.78445370832
1.55 1.86689379001
1.6 1.91384753239
1.65 1.92414448593
1.7 1.96041431739
1.75 1.96041432964
1.8 2.03524789069
1.85 2.07198897903
1.9 2.27110909592
1.95 2.31592420379
2.0 2.33388641569
0.0 0.0