0 0.0
0.05 -7.58488973851e-08
0.1 -7.13155631216e-08
0.15 -6.68979694973e-08
0.2 -6.25989287073e-08
0.25 -5.83942363352e-08
0.3 -5.42845968177e-08
0.35 -5.02892513188e-08
0.4 -4.64199100825e-08
0.45 2.77773914981e-10
0.5 -3.89427506908e-08
0.55 -3.53285297683e-08
0.6 -3.17926339699e-08
0.65 -2.83314675054e-08
0.7 -2.49413223408e-08
0.75 -2.16318590818e-08
0.8 -1.84762445343e-08
0.85 -1.53260111269e-08
0.9 -1.21787389062e-08
0.95 -9.03201724523e-09
1.0 -5.88346865671e-09
1.05 -2.73070838164e-09
1.1 4.28608704084e-10
1.15 3.5876918103e-09
1.2 6.76305283998e-09
1.25 9.95731386233e-09
1.3 1.31728256636e-08
1.35 1.64119674517e-08
1.4 1.96770985617e-08
1.45 2.29706235699e-08
1.5 2.62949257923e-08
1.55 2.9652435285e-08
1.6 3.3045589154e-08
1.65 3.64840950784e-08
1.7 3.99674200957e-08
1.75 4.34968341345e-08
1.8 4.70793126706e-08
1.85 5.07149889306e-08
1.9 5.44055614449e-08
1.95 5.81538381894e-08
2.0 6.19627015253e-08
0.259598275881 0.259598275881