0 0.0
0.05 0.0596717850698
0.1 0.07607640002
0.15 0.151802449071
0.2 0.151802470711
0.25 0.34641876285
0.3 0.349212362916
0.35 0.355348197447
0.4 0.355349301705
0.45 0.51949520095
0.5 0.544881431753
0.55 0.55057253592
0.6 0.557020363164
0.65 0.559474920322
0.7 0.599930191703
0.75 0.617377835127
0.8 0.66584471669
0.85 0.738385764138
0.9 0.746352029492
0.95 0.822127365319
1.0 0.822131215179
1.05 0.828613391652
1.1 0.833520584041
1.15 0.845522776588
1.2 0.856650019139
1.25 0.987922494169
1.3 1.00975496026
1.35 1.01261823903
1.4 1.12509557898
1.45 1.28820635619
1.5 1.44293276288
1.55 1.48255470381
1.6 1.51208854478
1.65 1.57334245549
1.7 1.61956792906
1.75 1.65662959142
1.8 1.67339766456
1.85 1.68601958884
1.9 1.70719155216
1.95 1.71160542671
2.0 1.78809940015
1.15779800461 1.15779800461