0 0.0
0.05 8.3195079417e-11
0.1 1.6594942515e-10
0.15 2.49518626928e-10
0.2 3.35226322391e-10
0.25 4.24536369949e-10
0.3 5.19122390048e-10
0.35 6.21029777953e-10
0.4 7.33385480033e-10
0.45 8.59568828963e-10
0.5 1.00385525517e-09
0.55 1.17262261694e-09
0.6 1.37515273236e-09
0.65 1.62558306926e-09
0.7 1.94665730461e-09
0.75 2.37756878278e-09
0.8 2.99223217001e-09
0.85 3.94836678245e-09
0.9 5.63735254563e-09
0.95 9.15762721195e-09
1.0 6.52058453434e-09
1.05 0.00796718959856
1.1 0.0168388139706
1.15 0.036433140032
1.2 0.104430958468
1.25 0.144390129196
1.3 0.177372217619
1.35 0.243919977935
1.4 0.26873644907
1.45 0.271723247552
1.5 0.458368656428
1.55 0.458368738848
1.6 0.466004330648
1.65 0.466004394596
1.7 0.664617776897
1.75 0.731597633048
1.8 0.76638046549
1.85 0.777440726268
1.9 0.790037985741
1.95 0.790038027613
2.0 0.7937714463
0.0 0.0