0 0.0
0.05 0.0106738685551
0.1 0.0106738968167
0.15 0.0106738978064
0.2 0.0106739002225
0.25 0.010673901588
0.3 0.0106739024618
0.35 0.0106739030904
0.4 0.0106739035513
0.45 0.010673903905
0.5 0.0106739041866
0.55 0.010673904418
0.6 0.0106739046135
0.65 0.0106739047875
0.7 0.0106739049383
0.75 0.0106739050715
0.8 0.0106739051916
0.85 0.0106739053019
0.9 0.010673905405
0.95 0.0106739055032
1.0 0.010673905599
1.05 0.0106739056958
1.1 0.0106739057954
1.15 0.010673905898
1.2 0.0106739060074
1.25 0.0106739061286
1.3 0.010673906262
1.35 0.0106739064057
1.4 0.0106739065074
1.45 0.0106739067224
1.5 0.0106739068658
1.55 0.0106739070601
1.6 0.0106739072988
1.65 0.0106739076005
1.7 0.0106739079891
1.75 0.0106739085079
1.8 0.0106739092409
1.85 0.0106739103589
1.9 0.010673912273
1.95 0.0106739164272
2.0 0.0106739344993
-1.23509138887 -1.23509138887