0 0.0
0.05 2.02845872473e-11
0.1 3.84478816936e-11
0.15 5.93038582574e-11
0.2 8.10278900413e-11
0.25 1.01063221045e-10
0.3 1.2308923593e-10
0.35 1.45801857585e-10
0.4 1.686985953e-10
0.45 1.92182292063e-10
0.5 2.16074935097e-10
0.55 2.40781675986e-10
0.6 2.65379741608e-10
0.65 2.90581097494e-10
0.7 3.16053096433e-10
0.75 3.42034770564e-10
0.8 3.68181108339e-10
0.85 3.94668786736e-10
0.9 4.21353957273e-10
0.95 4.4821447798e-10
1.0 4.75238154997e-10
1.05 5.04722350366e-10
1.1 5.38306951415e-10
1.15 5.725459315e-10
1.2 6.07392251783e-10
1.25 6.42967286905e-10
1.3 6.79482597575e-10
1.35 7.16521722235e-10
1.4 7.54015641687e-10
1.45 7.91852762682e-10
1.5 8.30028485971e-10
1.55 8.68287259887e-10
1.6 9.06623236319e-10
1.65 9.44842145637e-10
1.7 9.8275416563e-10
1.75 1.02021866589e-09
1.8 1.05701366949e-09
1.85 1.09285815763e-09
1.9 1.1274971092e-09
1.95 1.16061275783e-09
2.0 1.19181677096e-09
0.0 0.0