0 0.0
0.05 -2.25920076631e-08
0.1 4.15320665903e-11
0.15 -1.82457345673e-08
0.2 -1.61957570001e-08
0.25 -1.422681007e-08
0.3 -1.23216427091e-08
0.35 -1.04760175236e-08
0.4 -8.68573850794e-09
0.45 -6.94671311318e-09
0.5 -5.25495286535e-09
0.55 -3.6066087072e-09
0.6 -1.99796676682e-09
0.65 -4.25512461532e-10
0.7 1.11409418811e-09
0.75 2.62400380808e-09
0.8 4.10625928404e-09
0.85 5.56209380998e-09
0.9 6.99758792251e-09
0.95 8.41489799908e-09
1.0 9.81586061954e-09
1.05 1.12019907931e-08
1.1 1.25744305485e-08
1.15 1.3933958634e-08
1.2 1.52808940472e-08
1.25 1.66151246384e-08
1.3 1.79360410162e-08
1.35 1.92425224588e-08
1.4 2.05328994373e-08
1.45 2.18049250567e-08
1.5 2.30557777216e-08
1.55 2.42820741632e-08
1.6 2.5479831998e-08
1.65 2.66445474146e-08
1.7 2.77712119946e-08
1.75 2.88543857307e-08
1.8 2.98882648849e-08
1.85 3.08667888587e-08
1.9 3.17837289939e-08
1.95 3.26328214211e-08
2.0 3.34078736877e-08
0.0 0.0