0 0.0
0.05 3.72797193116e-08
0.1 0.0142911446693
0.15 0.0142912327816
0.2 0.0345378436903
0.25 0.034538189232
0.3 0.0446732908126
0.35 0.0741278443124
0.4 0.100189132676
0.45 0.141718087211
0.5 0.143098569784
0.55 0.145090193999
0.6 0.180785425909
0.65 0.190259590518
0.7 0.190259592151
0.75 0.190259592506
0.8 0.190259592672
0.85 0.190259592768
0.9 0.19025959283
0.95 0.190259592873
1.0 0.190259592906
1.05 0.190259592931
1.1 0.190259592951
1.15 0.190259592966
1.2 0.19025959298
1.25 0.190259592995
1.3 0.190259593002
1.35 0.190259593017
1.4 0.190259593037
1.45 0.190259593075
1.5 0.190259593051
1.55 0.190259593064
1.6 0.190259593068
1.65 0.190259593077
1.7 0.190259593166
1.75 0.190259593077
1.8 0.190259593088
1.85 0.190259593099
1.9 0.190259593111
1.95 0.190259593124
2.0 0.190259593138
-0.913913687283 -0.913913687283