0 0.0
0.05 9.65192558192e-11
0.1 1.85254129011e-10
0.15 2.67972481965e-10
0.2 3.4612446263e-10
0.25 4.20932012461e-10
0.3 4.93444492239e-10
0.35 5.64681870265e-10
0.4 6.35750429262e-10
0.45 7.07276887989e-10
0.5 7.80007414617e-10
0.55 8.54614983406e-10
0.6 9.31606826346e-10
0.65 1.01121007801e-09
0.7 1.09300980804e-09
0.75 1.17517603906e-09
0.8 1.25269915972e-09
0.85 1.32318219536e-09
0.9 1.50222019703e-09
0.95 1.65911646285e-09
1.0 1.81510580641e-09
1.05 1.34477478388e-08
1.1 2.82975286025e-08
1.15 3.69340803908e-09
1.2 2.3728838615e-08
1.25 0.0708931930901
1.3 0.141604666527
1.35 0.17531915763
1.4 0.184462620477
1.45 0.206928728156
1.5 0.273339842492
1.55 0.377311627112
1.6 0.444881873563
1.65 0.457152739283
1.7 0.505778111276
1.75 0.505778519134
1.8 0.632315263779
1.85 0.653452688726
1.9 0.69421493225
1.95 0.719305348681
2.0 0.72900235208
0.0 0.0