0 0.0
0.05 -1.35382602276e-08
0.1 4.54297596688e-11
0.15 -9.53511203093e-09
0.2 -7.59863844608e-09
0.25 -5.70005267266e-09
0.3 1.0526295297e-10
0.35 -2.00007229442e-09
0.4 -1.90502485941e-10
0.45 1.59746100157e-09
0.5 3.36775193543e-09
0.55 5.12417794557e-09
0.6 6.87044534359e-09
0.65 8.61012533092e-09
0.7 1.03466567676e-08
0.75 1.20832945384e-08
0.8 1.38231218902e-08
0.85 1.55690351255e-08
0.9 1.73237039314e-08
0.95 1.9089570337e-08
1.0 2.08697266622e-08
1.05 2.2668804149e-08
1.1 2.44851472119e-08
1.15 2.63200679484e-08
1.2 2.81793233764e-08
1.25 3.00852100372e-08
1.3 3.20145537756e-08
1.35 3.39673536718e-08
1.4 3.59432313875e-08
1.45 3.7941487252e-08
1.5 3.99609891945e-08
1.55 4.20003328465e-08
1.6 4.40576914455e-08
1.65 4.61309739527e-08
1.7 4.82177526815e-08
1.75 5.03153460022e-08
1.8 5.24208358426e-08
1.85 5.45311008532e-08
1.9 5.66428591427e-08
1.95 5.87526972849e-08
2.0 6.0857145745e-08
0.0 0.0