0 0.0
0.05 5.47442618271e-13
0.1 1.37068299736e-11
0.15 2.38979528714e-11
0.2 3.7199506789e-11
0.25 5.26974841847e-11
0.3 7.0601748432e-11
0.35 9.03618257918e-11
0.4 1.1293365564e-10
0.45 1.37095615234e-10
0.5 1.6315215616e-10
0.55 1.90813063931e-10
0.6 2.19810064157e-10
0.65 2.49948780753e-10
0.7 2.81069377939e-10
0.75 3.12920890086e-10
0.8 3.45365097823e-10
0.85 3.78226132726e-10
0.9 4.11305039898e-10
0.95 4.44426894556e-10
1.0 4.77310297985e-10
1.05 5.09902110883e-10
1.1 5.42221064578e-10
1.15 5.74140181756e-10
1.2 6.05465445385e-10
1.25 6.36182776901e-10
1.3 6.66313609301e-10
1.35 6.95413711201e-10
1.4 -2.87916564604e-08
1.45 7.51703014673e-10
1.5 -2.33454486327e-08
1.55 -2.07632739879e-08
1.6 -1.84515109604e-08
1.65 -1.62197585164e-08
1.7 -1.40490885989e-08
1.75 -1.19483896852e-08
1.8 -9.92695987582e-09
1.85 -7.9945235866e-09
1.9 -6.16129063793e-09
1.95 -4.43894607933e-09
2.0 -2.83770534509e-09
0.0 0.0