0 0.0
0.05 -1.55337770379e-08
0.1 3.04985282137e-11
0.15 4.39301272313e-11
0.2 1.53764545973e-10
0.25 7.36925578421e-11
0.3 8.88251852514e-11
0.35 1.0402455628e-10
0.4 1.19462910475e-10
0.45 1.34939435166e-10
0.5 1.51009039844e-10
0.55 1.66571173321e-10
0.6 1.82681944302e-10
0.65 1.99004169353e-10
0.7 2.15588901804e-10
0.75 2.32393601245e-10
0.8 2.49488626661e-10
0.85 2.66917666283e-10
0.9 2.84582209619e-10
0.95 3.02624917231e-10
1.0 3.21050437227e-10
1.05 3.39793944205e-10
1.1 3.58941390448e-10
1.15 3.78509254086e-10
1.2 3.98514872573e-10
1.25 4.18996825269e-10
1.3 4.39914675505e-10
1.35 4.61362892536e-10
1.4 4.8334800355e-10
1.45 5.05830739309e-10
1.5 5.28918613635e-10
1.55 5.52572380235e-10
1.6 5.76831846505e-10
1.65 6.01624968952e-10
1.7 6.27055196178e-10
1.75 6.53141174991e-10
1.8 6.79855983509e-10
1.85 7.07212718754e-10
1.9 7.35272532244e-10
1.95 7.63952242e-10
2.0 7.93335187217e-10
0.0 0.0