0 -2.66619005708e-16
0.05 4.22375183444e-09
0.1 5.93386116991e-09
0.15 6.74743153844e-09
0.2 7.19875091174e-09
0.25 7.47781117187e-09
0.3 7.66403459973e-09
0.35 7.7955018416e-09
0.4 7.8924933838e-09
0.45 7.96669706772e-09
0.5 8.02359025791e-09
0.55 8.06386404266e-09
0.6 8.09952405333e-09
0.65 8.1317386441e-09
0.7 8.16138969816e-09
0.75 8.18916682099e-09
0.8 8.21562813195e-09
0.85 8.24124834884e-09
0.9 8.26642148814e-09
0.95 8.29174212646e-09
1.0 8.31772417967e-09
1.05 8.34486359238e-09
1.1 8.37377097454e-09
1.15 8.4070929744e-09
1.2 8.46142006957e-09
1.25 8.51873531395e-09
1.3 8.575283915e-09
1.35 8.61228774429e-09
1.4 8.61464236654e-09
1.45 8.6361629303e-09
1.5 1.0306663525e-08
1.55 1.06924279059e-08
1.6 1.0393404131e-08
1.65 8.6404922163e-09
1.7 8.98260191212e-09
1.75 9.61652649182e-09
1.8 1.07525121281e-08
1.85 1.11389218746e-08
1.9 2.23977863606e-08
1.95 0.00142944891464
2.0 0.019841832829
0.0 0.0