0 0.0
0.05 2.09057215983e-11
0.1 1.1110278475e-08
0.15 1.31223745203e-08
0.2 1.50850560932e-08
0.25 1.69957217189e-08
0.3 1.88540827395e-08
0.35 2.0660278377e-08
0.4 2.24148601902e-08
0.45 2.41184905381e-08
0.5 2.57720038643e-08
0.55 2.73762295055e-08
0.6 2.89319277424e-08
0.65 3.04398064532e-08
0.7 3.19004400673e-08
0.75 3.33142951003e-08
0.8 3.46816690922e-08
0.85 3.60619532014e-08
0.9 3.75086735005e-08
0.95 3.89218111074e-08
1.0 4.03015063544e-08
1.05 4.16475889331e-08
1.1 4.2959737323e-08
1.15 4.42373644383e-08
1.2 4.54796662552e-08
1.25 4.66856320269e-08
1.3 4.78540269633e-08
1.35 4.89833729134e-08
1.4 5.00719974372e-08
1.45 5.11179552021e-08
1.5 5.21190988145e-08
1.55 5.30729979964e-08
1.6 5.40078832767e-08
1.65 5.49019978369e-08
1.7 5.57453441186e-08
1.75 5.65344022707e-08
1.8 5.72651326358e-08
1.85 5.79330134975e-08
1.9 5.85330146574e-08
1.95 5.90594233518e-08
2.0 5.95059459485e-08
-1.41460785567 -1.41460785567