0 0.0
0.05 0.0183319242475
0.1 0.0333479742559
0.15 0.0407658270636
0.2 0.0465481250552
0.25 0.119350871216
0.3 0.11935098055
0.35 0.211001791063
0.4 0.211002561537
0.45 0.297951395021
0.5 0.319896128436
0.55 0.339447938729
0.6 0.462322831404
0.65 0.470411996493
0.7 0.470412211821
0.75 0.483700942044
0.8 0.52654889319
0.85 0.61974359795
0.9 0.666089519764
0.95 0.7212602714
1.0 0.756575966435
1.05 0.80351105639
1.1 0.816354793122
1.15 0.816354824779
1.2 0.851495004449
1.25 0.865478388951
1.3 0.873483689894
1.35 0.876205400835
1.4 0.876205413622
1.45 0.876205430599
1.5 0.883704207991
1.55 0.883704279244
1.6 0.897008211638
1.65 0.991196362638
1.7 1.04283831239
1.75 1.12197840858
1.8 1.1336778848
1.85 1.13367788748
1.9 1.13570092695
1.95 1.16598886097
2.0 1.25931792972
0.0 0.0