0 0.0
0.05 7.74512098513e-10
0.1 1.85366170602e-09
0.15 2.6545991698e-09
0.2 3.23584939219e-09
0.25 3.67219426456e-09
0.3 4.01249669299e-09
0.35 4.28680129698e-09
0.4 4.51326005523e-09
0.45 4.70468429059e-09
0.5 4.86989006293e-09
0.55 5.0122693235e-09
0.6 5.13753871515e-09
0.65 5.2530061356e-09
0.7 5.36105034289e-09
0.75 5.46362687946e-09
0.8 5.56239971701e-09
0.85 5.65883930167e-09
0.9 5.75429959758e-09
0.95 5.85008300776e-09
1.0 5.94803792924e-09
1.05 6.04974850526e-09
1.1 6.15684064636e-09
1.15 6.27127892844e-09
1.2 6.39567740683e-09
1.25 6.53933643355e-09
1.3 6.66139925024e-09
1.35 9.10186538605e-09
1.4 7.16169615877e-09
1.45 7.34886115884e-09
1.5 7.66206549536e-09
1.55 1.20737974642e-08
1.6 1.13603500685e-08
1.65 1.30250950735e-08
1.7 1.40032419161e-08
1.75 6.31261032236e-09
1.8 9.45948014654e-09
1.85 5.59134037653e-08
1.9 0.022592222322
1.95 0.118889036804
2.0 0.118993681514
0.269486812132 0.269486812132