0 0.0
0.05 3.95515018514e-07
0.1 0.0187222268252
0.15 0.0187222316925
0.2 0.0302531414869
0.25 0.112780388299
0.3 0.112782091435
0.35 0.114109015682
0.4 0.142122554816
0.45 0.190589418793
0.5 0.190589462505
0.55 0.190589472505
0.6 0.190589475928
0.65 0.193994608035
0.7 0.193994625542
0.75 0.193994622651
0.8 0.202672085706
0.85 0.354960276025
0.9 0.368831791843
0.95 0.370587085617
1.0 0.37368281817
1.05 0.375370230287
1.1 0.375396869992
1.15 0.401815217984
1.2 0.542297410108
1.25 0.564468013976
1.3 0.747044189809
1.35 0.914210941965
1.4 0.914210938795
1.45 1.07971817628
1.5 1.11587605442
1.55 1.14737900148
1.6 1.1741049466
1.65 1.17609873717
1.7 1.18087509318
1.75 1.18087521634
1.8 1.18499208042
1.85 1.25689695295
1.9 1.41345807293
1.95 1.4367690314
2.0 1.44867946113
1.92296748791 1.92296748791