0 0.0
0.05 1.13052630883e-10
0.1 2.15944131511e-10
0.15 3.10828619329e-10
0.2 4.01216921161e-10
0.25 4.88531228618e-10
0.3 5.74045709513e-10
0.35 6.58954653549e-10
0.4 7.44410659886e-10
0.45 8.31495844796e-10
0.5 9.21533083805e-10
0.55 1.01599566158e-09
0.6 1.11660434058e-09
0.65 1.22544222496e-09
0.7 1.34511445392e-09
0.75 1.47897654087e-09
0.8 1.63147111069e-09
0.85 1.8086288577e-09
0.9 2.01881009535e-09
0.95 2.27374882506e-09
1.0 2.58989260291e-09
1.05 2.99104284509e-09
1.1 3.53038221393e-09
1.15 4.38298211514e-09
1.2 5.16744442508e-09
1.25 1.05937525138e-08
1.3 3.02404021909e-08
1.35 4.70796207357e-08
1.4 0.066910062076
1.45 0.148346205242
1.5 0.478345712089
1.55 0.499866617681
1.6 0.49986700706
1.65 0.5631137874
1.7 0.567165064057
1.75 0.620789651041
1.8 0.747311065764
1.85 0.807883844866
1.9 0.824767036028
1.95 1.17528171857
2.0 1.17528187699
-0.0840623578379 -0.0840623578379