0 0.0
0.05 1.24948610203e-10
0.1 2.34749706021e-10
0.15 3.32843484088e-10
0.2 4.21252925245e-10
0.25 5.03183695418e-10
0.3 5.8027224602e-10
0.35 6.53880058038e-10
0.4 7.25178620635e-10
0.45 7.95213842485e-10
0.5 8.64957214004e-10
0.55 9.35349515557e-10
0.6 1.00734067231e-09
0.65 1.08192883819e-09
0.7 1.16020256936e-09
0.75 1.24338779041e-09
0.8 1.33290141909e-09
0.85 1.4304144707e-09
0.9 1.53791634935e-09
0.95 1.65776302618e-09
1.0 1.79264708281e-09
1.05 1.94537212451e-09
1.1 2.10908077915e-09
1.15 2.2843223136e-09
1.2 2.58001907212e-09
1.25 6.72071205921e-09
1.3 1.21274143743e-08
1.35 6.80506968563e-08
1.4 0.0198452582068
1.45 0.0201401001494
1.5 0.0953661585908
1.55 0.137321946895
1.6 0.13732199409
1.65 0.153383328043
1.7 0.230720597309
1.75 0.23072224264
1.8 0.235026493463
1.85 0.333018243342
1.9 0.336762288558
1.95 0.336763156939
2.0 0.374281294933
0.0 0.0