0 0.0
0.05 0.0385375761419
0.1 0.0553055123116
0.15 0.0553055716824
0.2 0.109688619788
0.25 0.345822171857
0.3 0.532556894979
0.35 0.805483746021
0.4 0.810325369262
0.45 0.861615367727
0.5 0.86161553625
0.55 0.861615591357
0.6 0.86161560269
0.65 0.86161561539
0.7 0.867960864312
0.75 0.867960865489
0.8 0.86796087043
0.85 0.913862210505
0.9 0.930997216673
0.95 0.945397725439
1.0 0.954830657241
1.05 0.970656895858
1.1 1.01713046816
1.15 1.08001702739
1.2 1.08001738764
1.25 1.10023529818
1.3 1.12717191445
1.35 1.25069921129
1.4 1.25069923338
1.45 1.27059761554
1.5 1.27186567027
1.55 1.29272271925
1.6 1.29272459783
1.65 1.3097869311
1.7 1.30978693357
1.75 1.31493384101
1.8 1.31493858112
1.85 1.32380021836
1.9 1.33278534503
1.95 1.33504285661
2.0 1.41370212766
0.935714547518 0.935714547518