0 0.0
0.05 4.5769122874e-10
0.1 7.94300402635e-10
0.15 1.05377123774e-09
0.2 1.26130316707e-09
0.25 1.43237818151e-09
0.3 1.57705197843e-09
0.35 1.70216395467e-09
0.4 1.81255349076e-09
0.45 1.91176805052e-09
0.5 2.00249590533e-09
0.55 2.08683052079e-09
0.6 2.16649547079e-09
0.65 2.24292699349e-09
0.7 2.31737888541e-09
0.75 2.39099749084e-09
0.8 2.46488105808e-09
0.85 2.54013368991e-09
0.9 2.61815642942e-09
0.95 2.70071354609e-09
1.0 2.78916698749e-09
1.05 2.88553275009e-09
1.1 2.99295439884e-09
1.15 3.11563103009e-09
1.2 3.25887091028e-09
1.25 3.4536345206e-09
1.3 3.7282789736e-09
1.35 4.06463507997e-09
1.4 4.35984681437e-09
1.45 5.08835989705e-09
1.5 2.64462872568e-09
1.55 1.34477860052e-08
1.6 1.63991850876e-08
1.65 1.99713218439e-08
1.7 4.49997555095e-09
1.75 0.00130860643196
1.8 0.0186254873031
1.85 0.0858434819693
1.9 0.101889392264
1.95 0.125961672772
2.0 0.139376271013
0.0 0.0