0 0.0
0.05 -3.88508476099e-08
0.1 -3.6134089313e-08
0.15 -3.35532619951e-08
0.2 -3.11019374458e-08
0.25 -2.87737000778e-08
0.3 -2.65621689463e-08
0.35 -2.44610600277e-08
0.4 -2.24696883048e-08
0.45 -2.05958363509e-08
0.5 -1.88119407006e-08
0.55 -1.71120150178e-08
0.6 -1.54903224332e-08
0.65 -1.3941356492e-08
0.7 -1.24598582162e-08
0.75 -1.1054232861e-08
0.8 -9.72112568801e-09
0.85 -8.42442092036e-09
0.9 -7.16114387237e-09
0.95 -5.92840950275e-09
1.0 -4.72337605357e-09
1.05 -3.5432747662e-09
1.1 -2.38539789117e-09
1.15 -1.24712343384e-09
1.2 -1.2588511745e-10
1.25 9.80802322483e-10
1.3 2.07533288803e-09
1.35 3.16003164687e-09
1.4 4.23713890325e-09
1.45 5.30880227013e-09
1.5 6.37707044174e-09
1.55 7.44390463823e-09
1.6 8.51114853084e-09
1.65 9.58054126938e-09
1.7 1.06537061319e-08
1.75 1.17321278809e-08
1.8 1.28171581755e-08
1.85 1.39100029422e-08
1.9 1.50117064413e-08
1.95 1.61231597031e-08
2.0 1.72450402688e-08
0.0 0.0