0 0.0
0.05 0.015142263916
0.1 0.0678352056858
0.15 0.119573665796
0.2 0.214941987361
0.25 0.256563670197
0.3 0.256564005714
0.35 0.460779124859
0.4 0.620640938382
0.45 0.893562135619
0.5 1.02367499518
0.55 1.04375022956
0.6 1.0562628892
0.65 1.10939814608
0.7 1.1930530872
0.75 1.19305305424
0.8 1.19305307658
0.85 1.19305307975
0.9 1.19305308035
0.95 1.19305308055
1.0 1.19305309097
1.05 1.19305309097
1.1 1.19305309098
1.15 1.19305309097
1.2 1.19305309096
1.25 1.19305309096
1.3 1.19305309096
1.35 1.19305309098
1.4 1.19305309105
1.45 1.19305309102
1.5 1.19305309101
1.55 1.19305309104
1.6 1.19305309099
1.65 1.19305309104
1.7 1.1930530911
1.75 1.19305309115
1.8 1.1930530912
1.85 1.19305309125
1.9 1.19305309131
1.95 1.1930530914
2.0 1.19305309151
-0.619179208232 -0.619179208232