0 0.0
0.05 4.22843426939e-11
0.1 -2.90880258769e-09
0.15 1.26773147535e-10
0.2 5.52676709953e-09
0.25 9.72602026694e-09
0.3 1.38918501147e-08
0.35 1.8015334724e-08
0.4 3.34788807788e-10
0.45 2.6100532069e-08
0.5 3.00453938396e-08
0.55 3.3914290043e-08
0.6 3.76994697682e-08
0.65 4.13934621579e-08
0.7 4.49891581211e-08
0.75 4.84797809674e-08
0.8 5.1858902117e-08
0.85 5.51204882293e-08
0.9 5.8258870228e-08
0.95 6.12687593438e-08
1.0 6.42361854264e-08
1.05 6.70735417763e-08
1.1 6.97471034261e-08
1.15 7.22499620132e-08
1.2 7.45757952059e-08
1.25 7.67189299866e-08
1.3 7.8674291637e-08
1.35 8.04374178376e-08
1.4 8.20044422922e-08
1.45 8.33721338633e-08
1.5 8.45377752801e-08
1.55 8.54992474042e-08
1.6 8.62494603515e-08
1.65 8.66973172697e-08
1.7 8.6919246578e-08
1.75 8.69176680629e-08
1.8 8.66956145762e-08
1.85 8.62565699977e-08
1.9 8.56042475239e-08
1.95 8.47423710648e-08
2.0 8.36743438426e-08
-0.331972964743 -0.331972964743