0 0.0
0.05 1.45246839334e-07
0.1 1.47973783338e-07
0.15 1.50592017412e-07
0.2 1.06255337862e-10
0.25 1.55380198263e-07
0.3 1.5752347815e-07
0.35 1.59502711483e-07
0.4 1.61322525116e-07
0.45 1.64214492115e-07
0.5 1.68674915368e-07
0.55 1.73185649599e-07
0.6 3.52886830868e-10
0.65 1.82343198651e-07
0.7 1.87045838151e-07
0.75 1.9184486888e-07
0.8 5.47743295165e-10
0.85 2.01596624616e-07
0.9 2.06552818738e-07
0.95 6.91791401941e-10
1.0 7.43450967455e-10
1.05 8.09042610683e-10
1.1 2.26999930075e-07
1.15 8.9919738322e-10
1.2 9.5502672437e-10
1.25 2.43153317703e-07
1.3 1.06392250565e-09
1.35 1.11974030048e-09
1.4 1.1777872011e-09
1.45 1.23715149236e-09
1.5 1.29803856552e-09
1.55 1.36059330469e-09
1.6 1.42476019871e-09
1.65 1.50990664416e-09
1.7 2.98571472657e-07
1.75 1.63996127789e-09
1.8 1.7215153747e-09
1.85 1.80704029518e-09
1.9 1.89693183383e-09
1.95 1.99169580828e-09
2.0 2.08969075377e-09
-0.697768613535 -0.697768613535