0 0.0
0.05 1.56894863144e-10
0.1 2.95017059455e-10
0.15 4.1856203524e-10
0.2 5.30929981791e-10
0.25 6.34834188403e-10
0.3 7.32383864252e-10
0.35 8.25330064686e-10
0.4 9.15175364075e-10
0.45 1.00325896532e-09
0.5 1.0908259964e-09
0.55 1.17908773779e-09
0.6 1.26923954339e-09
0.65 1.36256596305e-09
0.7 1.46054321336e-09
0.75 1.56486940449e-09
0.8 1.67758356473e-09
0.85 1.80121774385e-09
0.9 1.93937859215e-09
0.95 2.09618958316e-09
1.0 2.27745402164e-09
1.05 2.49139996753e-09
1.1 2.75006103036e-09
1.15 3.07189964415e-09
1.2 3.4870879706e-09
1.25 4.04962883644e-09
1.3 4.87526762538e-09
1.35 6.27441732636e-09
1.4 9.69034923741e-09
1.45 3.18791464512e-09
1.5 0.0238358947305
1.55 0.0402426588485
1.6 0.0988930878416
1.65 0.0988931037525
1.7 0.105086364448
1.75 0.114921546056
1.8 0.116917101671
1.85 0.120994107381
1.9 0.120994318812
1.95 0.120994324026
2.0 0.120995017517
0.0 0.0