0 0.0
0.05 8.19929465709e-09
0.1 9.82338293532e-09
0.15 4.94647720052e-11
0.2 6.56899318127e-11
0.25 8.26820141998e-11
0.3 1.00049434726e-10
0.35 1.18072683591e-10
0.4 1.35910556054e-10
0.45 1.54368866191e-10
0.5 1.73122329053e-10
0.55 1.92260903823e-10
0.6 2.77679550725e-08
0.65 2.3203821923e-10
0.7 2.52341077593e-10
0.75 2.73622208717e-10
0.8 2.94458837252e-10
0.85 3.16203259268e-10
0.9 3.38508000886e-10
0.95 3.64047533454e-10
1.0 3.90584024996e-10
1.05 4.18022592987e-10
1.1 4.46103155292e-10
1.15 4.75220306474e-10
1.2 5.05037654408e-10
1.25 5.35977357468e-10
1.3 5.67612394085e-10
1.35 6.00378609484e-10
1.4 6.34236003964e-10
1.45 6.69134204028e-10
1.5 7.05079935309e-10
1.55 7.41704427507e-10
1.6 7.79470889452e-10
1.65 8.18290755807e-10
1.7 8.58086234968e-10
1.75 8.98883589321e-10
1.8 9.40719031563e-10
1.85 9.83584949151e-10
1.9 1.02747300574e-09
1.95 1.07238248698e-09
2.0 1.11830778421e-09
0.0 0.0