0 0.0
0.05 -7.35442299756e-08
0.1 -7.09720467298e-08
0.15 -6.84056253518e-08
0.2 1.01466884028e-10
0.25 1.28351777753e-10
0.3 -6.07713169455e-08
0.35 1.78848921344e-10
0.4 -5.57635818819e-08
0.45 2.29470131834e-10
0.5 2.52831763832e-10
0.55 2.77099305449e-10
0.6 -3.9715063156e-10
0.65 3.24706132805e-10
0.7 -4.13443203134e-08
0.75 3.70824017108e-10
0.8 3.93619345899e-10
0.85 4.16143994845e-10
0.9 -3.23290225103e-08
0.95 4.59716359733e-10
1.0 4.81289259134e-10
1.05 5.02502559017e-10
1.1 5.23118085275e-10
1.15 -2.17826676334e-08
1.2 5.63842134282e-10
1.25 4.86947873087e-10
1.3 6.03363247701e-10
1.35 6.22625359679e-10
1.4 -1.19428855752e-08
1.45 6.6070846274e-10
1.5 -8.15401792548e-09
1.55 -6.28102630014e-09
1.6 -4.4184331135e-09
1.65 7.36151603169e-10
1.7 -7.11851613791e-10
1.75 7.72036096982e-10
1.8 2.99212526066e-09
1.85 4.84400547025e-09
1.9 8.2828995253e-10
1.95 8.52194761803e-09
2.0 8.65157919141e-10
0.0 0.0