0 0.0
0.05 1.21742465457e-10
0.1 2.59390525229e-10
0.15 4.18285010788e-10
0.2 6.05990309987e-10
0.25 8.33658635385e-10
0.3 1.11851729588e-09
0.35 1.48873509857e-09
0.4 1.99382938183e-09
0.45 2.72968685636e-09
0.5 3.90918374188e-09
0.55 6.10736911602e-09
0.6 1.13602510356e-08
0.65 1.44308252679e-08
0.7 0.0104191964736
0.75 0.0453289424455
0.8 0.094411292081
0.85 0.099334283809
0.9 0.27747897814
0.95 0.467613704028
1.0 0.521217548112
1.05 0.586852546795
1.1 0.649196392448
1.15 0.811007829806
1.2 0.821566393872
1.25 0.833929812703
1.3 0.852756579796
1.35 0.874096551863
1.4 0.915437135178
1.45 0.921444842879
1.5 0.938310120936
1.55 0.941777604502
1.6 0.978003240254
1.65 0.984329947375
1.7 0.986742276476
1.75 0.986743850718
1.8 0.989251493017
1.85 1.00732763219
1.9 1.04192901636
1.95 1.06398585441
2.0 1.07477312551
0.0 0.0