0 0.0
0.05 4.60270336093e-08
0.1 4.82947218187e-08
0.15 5.04927194222e-08
0.2 5.26099331273e-08
0.25 5.46355551918e-08
0.3 5.68080882011e-08
0.35 6.01032838384e-08
0.4 1.97965008014e-10
0.45 6.69900593492e-08
0.5 2.69591116368e-10
0.55 7.44068249004e-08
0.6 3.45863219864e-10
0.65 3.87518071597e-10
0.7 4.26695945751e-10
0.75 4.75052106432e-10
0.8 9.49351244137e-08
0.85 5.56805348788e-10
0.9 6.02110721154e-10
0.95 1.08559982371e-07
1.0 6.95966959531e-10
1.05 7.44435994514e-10
1.1 7.93790787686e-10
1.15 8.43695618303e-10
1.2 8.92911977646e-10
1.25 9.43179854633e-10
1.3 9.90679482992e-10
1.35 1.03809424464e-09
1.4 1.13146804313e-09
1.45 1.12546733025e-09
1.5 1.16175109635e-09
1.55 1.19235355757e-09
1.6 1.64834844772e-07
1.65 1.31000900566e-09
1.7 1.41616450266e-09
1.75 1.52228097811e-09
1.8 1.64098603521e-09
1.85 1.76876501148e-09
1.9 1.90505989812e-09
1.95 2.05081026731e-09
2.0 2.20312619177e-09
0.0 0.0