0 0.0
0.05 2.06382946759e-08
0.1 2.25972778666e-08
0.15 2.45751669328e-08
0.2 7.89709907565e-11
0.25 2.85945797061e-08
0.3 3.06385264812e-08
0.35 1.42027211925e-10
0.4 3.47975496358e-08
0.45 3.69122367018e-08
0.5 2.05287750783e-10
0.55 4.12072550761e-08
0.6 4.33841622156e-08
0.65 4.55775403211e-08
0.7 4.77844099077e-08
0.75 5.00012953043e-08
0.8 5.22242435674e-08
0.85 5.44487576133e-08
0.9 5.66699082313e-08
0.95 5.88822273873e-08
1.0 6.10797776724e-08
1.05 6.32560399248e-08
1.1 6.54039941482e-08
1.15 6.75160190745e-08
1.2 6.95838795186e-08
1.25 7.15986340535e-08
1.3 7.35506793268e-08
1.35 7.54295467968e-08
1.4 7.72239211313e-08
1.45 7.89214842183e-08
1.5 8.05088730038e-08
1.55 8.2245222702e-08
1.6 8.38688183342e-08
1.65 8.532981836e-08
1.7 8.65968222217e-08
1.75 8.76512139373e-08
1.8 8.84642129255e-08
1.85 8.90041039989e-08
1.9 8.92359902351e-08
1.95 8.90862585909e-08
2.0 8.8493936934e-08
0.0 0.0