0 0.0
0.05 0.0278832853746
0.1 0.0451063063261
0.15 0.0458307598946
0.2 0.0458307651861
0.25 0.0802683613898
0.3 0.0819554366906
0.35 0.142165654711
0.4 0.155842952114
0.45 0.155842979194
0.5 0.155843016136
0.55 0.158863049822
0.6 0.158863110892
0.65 0.158863062342
0.7 0.163359354887
0.75 0.165329625545
0.8 0.181984917196
0.85 0.215606233531
0.9 0.396006989841
0.95 0.404019243976
1.0 0.404392498364
1.05 0.404392510778
1.1 0.404392601917
1.15 0.442074471743
1.2 0.442074483678
1.25 0.442074477881
1.3 0.462217574519
1.35 0.462217586391
1.4 0.491304036063
1.45 0.49130436283
1.5 0.4913042636
1.55 0.497354257479
1.6 0.509160097018
1.65 0.526498413018
1.7 0.526498541608
1.75 0.526519826921
1.8 0.531835380025
1.85 0.606869697423
1.9 0.646506797577
1.95 0.64650681241
2.0 0.646506930576
1.05603417989 1.05603417989