0 0.0
0.05 1.46894116971e-11
0.1 1.49156386827e-08
0.15 1.63180044728e-08
0.2 1.76801120657e-08
0.25 1.89991369311e-08
0.3 2.02722388864e-08
0.35 2.14965665164e-08
0.4 2.26693757809e-08
0.45 2.37879648952e-08
0.5 2.48498332276e-08
0.55 2.58526926838e-08
0.6 2.69293443312e-08
0.65 2.83468641564e-08
0.7 2.9768120506e-08
0.75 3.11926287556e-08
0.8 3.26198301131e-08
0.85 3.40533500531e-08
0.9 3.54996754778e-08
0.95 3.69475561185e-08
1.0 3.83958449291e-08
1.05 3.98431643331e-08
1.1 4.12878950066e-08
1.15 4.27281105253e-08
1.2 4.41614708389e-08
1.25 4.55851640957e-08
1.3 4.70290661625e-08
1.35 4.84729891524e-08
1.4 4.99048741217e-08
1.45 5.13208486735e-08
1.5 5.27163976336e-08
1.55 5.40863605301e-08
1.6 5.54248091588e-08
1.65 5.67249898421e-08
1.7 5.79792609047e-08
1.75 5.91790150801e-08
1.8 6.03145707788e-08
1.85 6.13751398583e-08
1.9 6.2348660944e-08
1.95 6.3221750655e-08
2.0 6.39795079359e-08
0.0 0.0