0 0.0
0.05 -5.29773995022e-08
0.1 5.45990660548e-11
0.15 8.10796276491e-11
0.2 -4.50577426473e-08
0.25 1.29746977847e-10
0.3 -4.00952869638e-08
0.35 -3.77092324871e-08
0.4 -3.53858711758e-08
0.45 -3.3124236206e-08
0.5 -3.09230753964e-08
0.55 -2.87808292528e-08
0.6 -2.66956724906e-08
0.65 -2.46655079546e-08
0.7 -2.26880032135e-08
0.75 -2.07605807437e-08
0.8 -1.88804557873e-08
0.85 -1.70446621576e-08
0.9 -1.52500306803e-08
0.95 -1.34932634467e-08
1.0 -1.17709025711e-08
1.05 -1.00793647762e-08
1.1 -8.42107718117e-09
1.15 -6.79339647385e-09
1.2 -5.18039997616e-09
1.25 -3.57816760134e-09
1.3 -1.98270767616e-09
1.35 5.53663926221e-10
1.4 1.20420224378e-09
1.45 2.80394395561e-09
1.5 4.41351514286e-09
1.55 6.03721397515e-09
1.6 7.68646461907e-09
1.65 9.37138485924e-09
1.7 1.1087816275e-08
1.75 1.2839822625e-08
1.8 1.46315020604e-08
1.85 7.22542577926e-10
1.9 1.83505934635e-08
1.95 8.19194797222e-10
2.0 2.2278921766e-08
0.0 0.0