0 0.0
0.05 1.49596215785e-11
0.1 -6.71787378058e-09
0.15 -5.23003326894e-09
0.2 -3.72800342092e-09
0.25 7.47567874248e-11
0.3 9.01831896777e-11
0.35 1.05532956981e-10
0.4 1.21370873512e-10
0.45 1.40199291811e-10
0.5 1.53379457308e-10
0.55 1.69916328235e-10
0.6 1.86588056332e-10
0.65 2.03460391753e-10
0.7 2.20665812145e-10
0.75 2.38115801017e-10
0.8 2.55855479069e-10
0.85 2.73984688841e-10
0.9 2.92334263837e-10
0.95 3.11106526637e-10
1.0 3.30208315136e-10
1.05 3.49651992138e-10
1.1 3.70224102456e-10
1.15 3.89744529765e-10
1.2 4.10263085938e-10
1.25 4.31140931708e-10
1.3 4.52371550166e-10
1.35 4.74099755732e-10
1.4 4.96060425314e-10
1.45 5.18407979905e-10
1.5 5.41209588603e-10
1.55 5.64175483236e-10
1.6 5.87441276677e-10
1.65 6.11118217495e-10
1.7 6.35009663075e-10
1.75 6.59174680495e-10
1.8 6.83609361983e-10
1.85 7.08202289109e-10
1.9 7.33038839289e-10
1.95 7.57970494978e-10
2.0 7.83150131459e-10
0.0 0.0