0 0.0
0.05 1.82083673143e-10
0.1 3.99695779336e-10
0.15 6.66260308417e-10
0.2 1.00255388117e-09
0.25 1.44236196251e-09
0.3 2.0423076164e-09
0.35 2.91069334718e-09
0.4 4.2613511916e-09
0.45 6.30536575926e-09
0.5 1.61561561084e-07
0.55 0.114240079458
0.6 0.115723604896
0.65 0.115723607846
0.7 0.129182869293
0.75 0.129182886502
0.8 0.129182890942
0.85 0.131595958505
0.9 0.157649263306
0.95 0.174557622656
1.0 0.214177798552
1.05 0.214177958844
1.1 0.221628490561
1.15 0.405907993865
1.2 0.439849037915
1.25 0.500395936827
1.3 0.509228394679
1.35 0.509228529601
1.4 0.532831090045
1.45 0.583008044838
1.5 0.599893550288
1.55 0.619309359044
1.6 0.619309919632
1.65 0.781888198863
1.7 0.911355085268
1.75 0.99175064389
1.8 0.991750610897
1.85 1.04859561913
1.9 1.10133157319
1.95 1.17236593839
2.0 1.17236603543
0.0 0.0