0 0.0
0.05 1.02487654145e-10
0.1 2.14583181211e-10
0.15 3.39322391493e-10
0.2 4.80719381985e-10
0.25 6.44307588641e-10
0.3 8.37960957783e-10
0.35 1.07308635347e-09
0.4 1.36747686113e-09
0.45 1.75031257945e-09
0.5 2.27311297898e-09
0.55 3.0361629331e-09
0.6 4.26130317954e-09
0.65 6.49902570022e-09
0.7 1.13906300761e-08
0.75 1.03412173029e-08
0.8 0.00758419618702
0.85 0.0393426954455
0.9 0.0393428609934
0.95 0.0519910271952
1.0 0.0657111655385
1.05 0.12521588699
1.1 0.144834884626
1.15 0.160827301138
1.2 0.160827397988
1.25 0.169374045011
1.3 0.28018496565
1.35 0.354056126403
1.4 0.478311478313
1.45 0.508401998037
1.5 0.607575444174
1.55 0.637116799096
1.6 0.765361397609
1.65 0.825937576606
1.7 0.826108609371
1.75 0.8261091088
1.8 0.84755027346
1.85 0.86057951911
1.9 0.878816555344
1.95 0.940078731493
2.0 0.950821292266
0.0 0.0