0 0.0
0.05 2.08447451611e-10
0.1 3.85304567524e-10
0.15 5.38917988106e-10
0.2 6.75019413405e-10
0.25 7.97730987312e-10
0.3 9.10468943658e-10
0.35 1.0154249168e-09
0.4 1.11516278009e-09
0.45 1.21080538883e-09
0.5 1.30220436224e-09
0.55 1.39079288454e-09
0.6 1.47788141631e-09
0.65 1.56477409461e-09
0.7 1.65284812187e-09
0.75 1.74343367124e-09
0.8 1.83799235099e-09
0.85 1.93819897074e-09
0.9 2.04609009662e-09
0.95 2.16407946147e-09
1.0 2.29522385751e-09
1.05 2.44345377035e-09
1.1 2.61388550407e-09
1.15 2.8131892565e-09
1.2 3.04983357804e-09
1.25 3.33343048322e-09
1.3 3.68430596e-09
1.35 4.15174319996e-09
1.4 5.88392603022e-09
1.45 1.06489935131e-08
1.5 3.58694652605e-08
1.55 0.015681034576
1.6 0.022680603658
1.65 0.102265780271
1.7 0.102265784943
1.75 0.102265788582
1.8 0.102265817942
1.85 0.133234009629
1.9 0.149745870806
1.95 0.198424913675
2.0 0.198424982898
0.0 0.0