0 0.0
0.05 1.74585894217e-11
0.1 3.50467175768e-11
0.15 5.46661168395e-09
0.2 7.27305101758e-09
0.25 8.95377346173e-11
0.3 1.08617850841e-10
0.35 1.2869331758e-08
0.4 1.46379383182e-10
0.45 1.6790634507e-08
0.5 1.86921330774e-10
0.55 2.09048748683e-08
0.6 2.32207685786e-10
0.65 2.52432641419e-08
0.7 2.7482895048e-10
0.75 2.97162533779e-10
0.8 3.20475105103e-10
0.85 3.47069989583e-08
0.9 3.725813526e-08
0.95 3.97826826287e-10
1.0 4.26242066957e-10
1.05 4.52418358187e-10
1.1 4.81393891914e-10
1.15 5.11782968085e-10
1.2 5.42202173715e-10
1.25 5.74241980692e-10
1.3 6.07201977415e-10
1.35 6.41411449016e-10
1.4 6.7670051171e-10
1.45 7.12961050444e-10
1.5 7.50582473468e-10
1.55 7.79063752781e-10
1.6 8.02139028848e-10
1.65 8.26813164521e-08
1.7 8.49884961792e-10
1.75 8.6934598056e-10
1.8 9.15272566352e-10
1.85 9.12111025852e-08
1.9 9.29713113962e-10
1.95 9.49774350198e-08
2.0 9.67137362008e-08
0.0 0.0