0 0.0
0.05 3.96434797558e-11
0.1 -1.14756919943e-07
0.15 1.27107710659e-10
0.2 -1.05902364214e-07
0.25 -1.01604822316e-07
0.3 2.65619791176e-10
0.35 -9.32746970971e-08
0.4 -8.92439649552e-08
0.45 -8.53038156129e-08
0.5 -8.14548948293e-08
0.55 -7.76977125997e-08
0.6 -7.40326778472e-08
0.65 -7.04600795833e-08
0.7 -6.6980087168e-08
0.75 -6.35927432801e-08
0.8 -6.02979737814e-08
0.85 -5.7095583473e-08
0.9 -5.39852721337e-08
0.95 -5.09665593849e-08
1.0 -4.80388675127e-08
1.05 -4.52014919125e-08
1.1 -4.24535455075e-08
1.15 -3.97940598968e-08
1.2 -3.72218878377e-08
1.25 -3.47357293048e-08
1.3 -3.23341619246e-08
1.35 -3.00156044451e-08
1.4 -2.77783330644e-08
1.45 -2.56204748856e-08
1.5 -2.35400037293e-08
1.55 -2.15347711791e-08
1.6 -1.96024725657e-08
1.65 -1.77903523453e-08
1.7 -1.61675783685e-08
1.75 -1.45986784623e-08
1.8 -1.3080651398e-08
1.85 -1.1610385536e-08
1.9 -1.01846694943e-08
1.95 -8.80020986886e-09
2.0 -7.4537077798e-09
0.0 0.0