0 0.0
0.05 0.00479822401661
0.1 0.00479823771858
0.15 0.00479823877337
0.2 0.00479823973276
0.25 0.00479823987515
0.3 0.00479824004626
0.35 0.0047982401761
0.4 0.00479824023013
0.45 0.00479824021636
0.5 0.00479824022034
0.55 0.00479824018408
0.6 0.00479824014909
0.65 0.00479824014405
0.7 0.00479824016435
0.75 0.00479824020491
0.8 0.00479824022001
0.85 0.00479823921661
0.9 0.00479823958786
0.95 0.00479824022552
1.0 0.00479824058539
1.05 0.00479824067391
1.1 0.00479824075801
1.15 0.00479824081864
1.2 0.00479824103978
1.25 0.00479824165107
1.3 0.00479824157318
1.35 0.00479824129698
1.4 0.00479824092565
1.45 0.00479824111532
1.5 0.00479824081114
1.55 0.00479824103074
1.6 0.00479824116063
1.65 0.00479824123735
1.7 0.00479824112721
1.75 0.00479824116966
1.8 0.00479824134038
1.85 0.00479824157487
1.9 0.00479824191536
1.95 0.00479824263596
2.0 0.00479825343841
-0.349173689196 -0.349173689196