0 0.0
0.05 3.23780006245e-11
0.1 7.46530021268e-11
0.15 1.13309838556e-10
0.2 1.57861101486e-10
0.25 2.06721900496e-10
0.3 2.60443006801e-10
0.35 3.22826521601e-10
0.4 4.9248753692e-10
0.45 3.88798927749e-10
0.5 6.97759406918e-08
0.55 6.96781161128e-08
0.6 6.90772505159e-08
0.65 6.7955106769e-08
0.7 6.63039272424e-08
0.75 6.41303257138e-08
0.8 6.14590844837e-08
0.85 5.83361574239e-08
0.9 5.48297303881e-08
0.95 5.2985262076e-08
1.0 5.27136301468e-08
1.05 5.2262320125e-08
1.1 5.16788886931e-08
1.15 5.10302316614e-08
1.2 5.03415008055e-08
1.25 4.98004074584e-08
1.3 4.95784862196e-08
1.35 4.96106855211e-08
1.4 4.99479131007e-08
1.45 5.06437635634e-08
1.5 5.17574725691e-08
1.55 5.33569166382e-08
1.6 5.55216338731e-08
1.65 6.76530044663e-08
1.7 7.85762194706e-08
1.75 8.43715130433e-08
1.8 8.53838720258e-08
1.85 8.85743162946e-08
1.9 1.15725470182e-09
1.95 1.73598935264e-09
2.0 2.30420018167e-09
0.0 0.0