0 0.0
0.05 1.21711157872e-10
0.1 2.31756594811e-10
0.15 3.32880358284e-10
0.2 4.27263566371e-10
0.25 5.1678122734e-10
0.3 6.02895339664e-10
0.35 6.86725602785e-10
0.4 7.69538248044e-10
0.45 8.52583525164e-10
0.5 9.37112823193e-10
0.55 1.02446020432e-09
0.6 1.11612088114e-09
0.65 1.21384329078e-09
0.7 1.31975486511e-09
0.75 1.43653959999e-09
0.8 1.56770408509e-09
0.85 1.71798762801e-09
0.9 1.89402406931e-09
0.95 2.10544394301e-09
1.0 2.36677743008e-09
1.05 2.70084763204e-09
1.1 3.14524740037e-09
1.15 3.76833119501e-09
1.2 4.73634947934e-09
1.25 6.28744841906e-09
1.3 3.67831735409e-09
1.35 3.44137547171e-08
1.4 3.99237268485e-08
1.45 0.0174414104232
1.5 0.11170294471
1.55 0.345311215085
1.6 0.549649104426
1.65 0.562823976034
1.7 0.598158301411
1.75 0.598158405192
1.8 0.598158410067
1.85 0.598158410966
1.9 0.660947914095
1.95 0.732450454795
2.0 0.792238441494
0.0 0.0