0 0.0
0.05 2.55506872881e-11
0.1 -4.38817680778e-08
0.15 -4.14377677446e-08
0.2 -3.90483870505e-08
0.25 -3.67132427497e-08
0.3 1.45198632859e-10
0.35 -3.22031564228e-08
0.4 -3.00265024032e-08
0.45 -2.79006309745e-08
0.5 -2.58242229342e-08
0.55 -2.37957671292e-08
0.6 -2.18135581439e-08
0.65 -1.98757548373e-08
0.7 -1.79803264161e-08
0.75 -1.61250933508e-08
0.8 -1.43077489881e-08
0.85 -1.25258478922e-08
0.9 -1.07768314323e-08
0.95 -9.05805063777e-09
1.0 -7.36675258938e-09
1.05 -5.70011568074e-09
1.1 -4.05526924241e-09
1.15 -2.42929200418e-09
1.2 -8.19229443657e-10
1.25 7.77878974516e-10
1.3 2.36500069952e-09
1.35 3.94508961562e-09
1.4 5.52106611111e-09
1.45 7.09580074085e-09
1.5 8.67210194469e-09
1.55 1.02527110295e-08
1.6 1.1840258341e-08
1.65 1.34372520245e-08
1.7 1.50460802196e-08
1.75 1.66689460574e-08
1.8 1.83078909819e-08
1.85 1.99647167536e-08
1.9 2.16409946329e-08
1.95 2.33380543031e-08
2.0 2.50568851177e-08
0.0 0.0