0 0.0
0.05 2.86074358646e-11
0.1 5.82298514962e-11
0.15 8.84514683719e-11
0.2 1.20359430755e-10
0.25 1.51313378494e-10
0.3 1.83880105586e-10
0.35 2.17242820955e-10
0.4 2.51050472078e-10
0.45 2.85757140173e-10
0.5 3.20830376155e-10
0.55 3.56652166134e-10
0.6 3.930712561e-10
0.65 4.30051730338e-10
0.7 4.67563959772e-10
0.75 5.05585975863e-10
0.8 5.44128214708e-10
0.85 5.8315433038e-10
0.9 6.22543461226e-10
0.95 6.62238666682e-10
1.0 7.02161509492e-10
1.05 7.42295724887e-10
1.1 7.82563958079e-10
1.15 8.22991910732e-10
1.2 8.63481536273e-10
1.25 9.03974783917e-10
1.3 9.44513800505e-10
1.35 9.85013418053e-10
1.4 1.02542474512e-09
1.45 1.06596656502e-09
1.5 1.10638082029e-09
1.55 1.14662000728e-09
1.6 1.19168022672e-09
1.65 1.23798826746e-09
1.7 1.28456065229e-09
1.75 1.33135584501e-09
1.8 1.37832827096e-09
1.85 1.42538672532e-09
1.9 1.47252059157e-09
1.95 1.51965998119e-09
2.0 1.56665477813e-09
0.104080762954 0.104080762954