0 0.0
0.05 6.0566617323e-10
0.1 1.26696069391e-09
0.15 2.97275390007e-09
0.2 9.26996489737e-09
0.25 3.60542298974e-08
0.3 0.0468102341284
0.35 0.191154500117
0.4 0.243505686208
0.45 0.489507559576
0.5 0.4959688276
0.55 0.543784279788
0.6 0.852012469833
0.65 0.912434297492
0.7 0.936413992653
0.75 0.938452996727
0.8 0.961120678487
0.85 0.967450820446
0.9 0.989468266871
0.95 0.989468274449
1.0 0.994907654664
1.05 1.01067205882
1.1 1.06501009018
1.15 1.07458429978
1.2 1.0816132557
1.25 1.08681589115
1.3 1.08681584798
1.35 1.12114837695
1.4 1.12114852927
1.45 1.14523269727
1.5 1.22783840419
1.55 1.23680610998
1.6 1.26162976586
1.65 1.32439968622
1.7 1.45563159706
1.75 1.4950736455
1.8 1.52584123301
1.85 1.56865187815
1.9 1.65641368183
1.95 1.7633966053
2.0 1.77971373195
0.0 0.0