0 0.0
0.05 2.21591640069e-11
0.1 4.5019267009e-11
0.15 6.84843090567e-11
0.2 3.34546041378e-08
0.25 3.59538792104e-08
0.3 1.4611329445e-10
0.35 1.70698122412e-10
0.4 2.20015660607e-10
0.45 2.25742916697e-10
0.5 2.54310433067e-10
0.55 5.25817311458e-08
0.6 3.14877062748e-10
0.65 3.45886873649e-10
0.7 3.77923792232e-10
0.75 4.10822436913e-10
0.8 4.44359249449e-10
0.85 4.78808502652e-10
0.9 5.13946191203e-10
0.95 5.5017118607e-10
1.0 5.8635523749e-10
1.05 6.23419165368e-10
1.1 6.61274770649e-10
1.15 6.999103222e-10
1.2 7.38634698298e-10
1.25 7.78199902363e-10
1.3 8.1814586269e-10
1.35 8.58813849063e-10
1.4 9.00504648763e-10
1.45 9.41313256927e-10
1.5 9.8330839443e-10
1.55 1.02543517909e-09
1.6 1.06818871824e-09
1.65 1.11126804373e-09
1.7 1.15448387011e-09
1.75 1.19804310578e-09
1.8 1.24182721918e-09
1.85 1.28588951459e-09
1.9 1.33023118581e-09
1.95 1.3746529661e-09
2.0 1.4191276799e-09
0.0 0.0