0 0.0
0.05 9.0649673838e-11
0.1 1.77897916953e-10
0.15 2.63112677617e-10
0.2 3.47557571168e-10
0.25 4.32454891334e-10
0.3 5.19044186614e-10
0.35 6.08642506495e-10
0.4 7.02712412694e-10
0.45 8.02944991251e-10
0.5 9.11368724861e-10
0.55 1.0304991246e-09
0.6 1.16355312613e-09
0.65 1.31476862188e-09
0.7 1.48989703145e-09
0.75 1.69698849741e-09
0.8 1.94769379073e-09
0.85 2.25949972932e-09
0.9 2.65968639318e-09
0.95 3.19226903273e-09
1.0 3.92732227501e-09
1.05 5.94229780201e-09
1.1 1.19904679718e-08
1.15 0.0207276108486
1.2 0.0300377592202
1.25 0.123462266943
1.3 0.12346283432
1.35 0.123462840339
1.4 0.130639803907
1.45 0.130640094028
1.5 0.190386979588
1.55 0.211225378935
1.6 0.307620737433
1.65 0.401674017872
1.7 0.598784821877
1.75 0.608411883508
1.8 0.745762314378
1.85 0.886567685294
1.9 0.966002938611
1.95 1.09869176374
2.0 1.22933835157
0.0 0.0