0 0.0
0.05 8.56179952805e-11
0.1 1.73046293858e-10
0.15 2.63742110866e-10
0.2 3.5933903917e-10
0.25 4.6175009291e-10
0.3 5.73306011089e-10
0.35 6.96951883523e-10
0.4 8.36688668836e-10
0.45 9.987891264e-10
0.5 1.19013711253e-09
0.55 1.4211454323e-09
0.6 1.70805112293e-09
0.65 2.07664439111e-09
0.7 2.57025291643e-09
0.75 3.26710959326e-09
0.8 4.32857326439e-09
0.85 6.77263411408e-09
0.9 3.61084023706e-06
0.95 0.0382820324934
1.0 0.0382821636331
1.05 0.044115383742
1.1 0.0504447526974
1.15 0.050445076674
1.2 0.0967774759596
1.25 0.11804942385
1.3 0.118050649997
1.35 0.118050717167
1.4 0.129698761626
1.45 0.131281841977
1.5 0.206444223327
1.55 0.208119531537
1.6 0.208119540633
1.65 0.324169798743
1.7 0.324169804001
1.75 0.468489957663
1.8 0.529322545893
1.85 0.624200459048
1.9 0.70270715966
1.95 0.794692317937
2.0 0.93557911047
0.0 0.0