0 0.0
0.05 8.5505673104e-11
0.1 1.68552521047e-10
0.15 2.50176871712e-10
0.2 3.31339140819e-10
0.25 4.12951091536e-10
0.3 4.95883988004e-10
0.35 5.81122105728e-10
0.4 6.69881328159e-10
0.45 7.62559268056e-10
0.5 8.59650129995e-10
0.55 9.61132350041e-10
0.6 1.06585844577e-09
0.65 1.17026390314e-09
0.7 1.26562468705e-09
0.75 1.33228240645e-09
0.8 1.32844550418e-09
0.85 2.87668390996e-09
0.9 5.76163851485e-09
0.95 5.76823638449e-09
1.0 9.83269964854e-09
1.05 1.8677631635e-08
1.1 5.68413769282e-09
1.15 6.43922152715e-08
1.2 0.00141114652368
1.25 0.0474430645995
1.3 0.0843286280411
1.35 0.155472721679
1.4 0.178109557855
1.45 0.178109564294
1.5 0.178109568681
1.55 0.18443609905
1.6 0.208520134436
1.65 0.2254224965
1.7 0.27211184218
1.75 0.283357175851
1.8 0.362753403282
1.85 0.406807541893
1.9 0.420138571767
1.95 0.428445572018
2.0 0.485182805727
0.0 0.0