0 0.0
0.05 0.02215331019
0.1 0.0292400662012
0.15 0.110228562315
0.2 0.11022860467
0.25 0.110228607125
0.3 0.110228608133
0.35 0.110228608665
0.4 0.110228608993
0.45 0.110228609211
0.5 0.110228609367
0.55 0.110228609483
0.6 0.110228609566
0.65 0.110228609664
0.7 0.110228609767
0.75 0.110228609811
0.8 0.110228609844
0.85 0.110228609885
0.9 0.110228609924
0.95 0.110228609958
1.0 0.110228609988
1.05 0.110228610059
1.1 0.110228610054
1.15 0.110228610086
1.2 0.110228610112
1.25 0.110228610125
1.3 0.110228610125
1.35 0.11022861014
1.4 0.110228610572
1.45 0.110228610572
1.5 0.110228610403
1.55 0.11022861027
1.6 0.110228610184
1.65 0.110228610203
1.7 0.110228610195
1.75 0.110228610357
1.8 0.110228610498
1.85 0.110228610617
1.9 0.110228610689
1.95 0.110228610586
2.0 0.110228627994
0.0 0.0