0 0.0
0.05 1.61379024338e-11
0.1 3.25233328719e-11
0.15 2.42505407013e-08
0.2 2.57347578621e-08
0.25 2.71702801294e-08
0.3 2.85530253508e-08
0.35 2.9878779112e-08
0.4 3.11433573173e-08
0.45 3.23426266644e-08
0.5 3.34728401534e-08
0.55 3.47596375995e-08
0.6 3.64034106913e-08
0.65 3.8042805564e-08
0.7 3.96753661978e-08
0.75 4.1298526823e-08
0.8 4.29096638081e-08
0.85 4.45059929914e-08
0.9 4.60845797381e-08
0.95 4.76571660955e-08
1.0 4.9207522807e-08
1.05 5.07302624269e-08
1.1 5.22208164828e-08
1.15 5.36738418357e-08
1.2 5.50830119639e-08
1.25 5.64407294954e-08
1.3 5.77378538432e-08
1.35 5.90014648743e-08
1.4 6.02071456052e-08
1.45 6.13221560561e-08
1.5 6.23291134718e-08
1.55 6.32068104729e-08
1.6 6.39293364556e-08
1.65 6.44646251131e-08
1.7 6.47725343444e-08
1.75 6.48019045139e-08
1.8 6.44859632479e-08
1.85 6.37344742468e-08
1.9 6.24196294411e-08
1.95 6.03484683507e-08
2.0 5.72025020823e-08
0.0 0.0