0 0.0
0.05 1.26015067348e-11
0.1 -9.46387724085e-09
0.15 -8.21214497548e-09
0.2 5.03484285153e-11
0.25 6.25576986854e-11
0.3 7.54915134357e-11
0.35 -3.1699326017e-09
0.4 1.00924575626e-10
0.45 1.13772539493e-10
0.5 6.75329625085e-10
0.55 1.39489013216e-10
0.6 1.52557523684e-10
0.65 1.65965398914e-10
0.7 1.79312306572e-10
0.75 1.92738115293e-10
0.8 2.02789824546e-10
0.85 2.19963844354e-10
0.9 2.3399831627e-10
0.95 2.48310821182e-10
1.0 2.62652820151e-10
1.05 2.77122363914e-10
1.1 2.91878519499e-10
1.15 3.06858072449e-10
1.2 3.2201004337e-10
1.25 3.37534970833e-10
1.3 3.53227143451e-10
1.35 3.69214417321e-10
1.4 3.85425425036e-10
1.45 4.01679762279e-10
1.5 4.18853114622e-10
1.55 4.35929151449e-10
1.6 4.53411643438e-10
1.65 4.7128242154e-10
1.7 4.89324256804e-10
1.75 5.07709680016e-10
1.8 5.26409674403e-10
1.85 5.4544942658e-10
1.9 5.6476814999e-10
1.95 5.8439710563e-10
2.0 6.04666539638e-10
0.0 0.0