0 0.0
0.05 -9.7662653106e-09
0.1 -8.07301557384e-09
0.15 5.11759394999e-11
0.2 6.82366167972e-11
0.25 8.52606985325e-11
0.3 1.02248332303e-10
0.35 4.23173211365e-10
0.4 1.36071766013e-10
0.45 1.53271392902e-10
0.5 1.70444908921e-10
0.55 1.87922260767e-10
0.6 8.98833158904e-09
0.65 2.22174608288e-10
0.7 2.39793467446e-10
0.75 2.88584892374e-10
0.8 2.75517228659e-10
0.85 2.93424849365e-10
0.9 3.14121630485e-10
0.95 3.30334378785e-10
1.0 3.49003871452e-10
1.05 3.68804719972e-10
1.1 3.87223429273e-10
1.15 4.07005736609e-10
1.2 4.22620213393e-10
1.25 4.48384041807e-10
1.3 4.6785322434e-10
1.35 4.88695174452e-10
1.4 5.10022704251e-10
1.45 5.31807561746e-10
1.5 5.57793541973e-10
1.55 5.76389952552e-10
1.6 5.9981605019e-10
1.65 6.2604665356e-10
1.7 6.53301046971e-10
1.75 6.79723417232e-10
1.8 7.07617271414e-10
1.85 7.3583078593e-10
1.9 7.65027871415e-10
1.95 7.96955978607e-10
2.0 8.24948561646e-10
0.0 0.0