0 0.0
0.05 -3.94475528211e-08
0.1 -3.71391446984e-08
0.15 -3.48874155591e-08
0.2 -3.26917395656e-08
0.25 -3.05513427018e-08
0.3 -2.84652881148e-08
0.35 -2.64324603134e-08
0.4 -2.44516083754e-08
0.45 -2.25213294227e-08
0.5 -2.0640071816e-08
0.55 -1.88061764616e-08
0.6 -1.70178377214e-08
0.65 -1.52731635774e-08
0.7 -1.35701712675e-08
0.75 -1.19067837017e-08
0.8 -1.0280866492e-08
0.85 -8.6982962384e-09
0.9 -7.15175408848e-09
0.95 -5.6314422597e-09
1.0 -4.13507488906e-09
1.05 -2.6603604577e-09
1.1 -1.20504606394e-09
1.15 2.33119908995e-10
1.2 1.65632075762e-09
1.25 3.06669164921e-09
1.3 4.46628088542e-09
1.35 5.85704916419e-09
1.4 7.24083865253e-09
1.45 8.61937986645e-09
1.5 9.99420787672e-09
1.55 1.13667281684e-08
1.6 1.27381320765e-08
1.65 1.41094060947e-08
1.7 1.54812883754e-08
1.75 1.6854255617e-08
1.8 1.82285225022e-08
1.85 1.96039692417e-08
1.9 2.09801653981e-08
1.95 2.23563342727e-08
2.0 2.37313257414e-08
0.0 0.0