0 0.0
0.05 1.09261732548e-10
0.1 2.30004341049e-10
0.15 3.6841538858e-10
0.2 5.29532907303e-10
0.25 7.19454283019e-10
0.3 9.50762170104e-10
0.35 1.23972493768e-09
0.4 1.61016905369e-09
0.45 2.10372327953e-09
0.5 2.79308021105e-09
0.55 3.81490958149e-09
0.6 5.44295765976e-09
0.65 1.13290728364e-08
0.7 1.04187114503e-07
0.75 0.0106968370052
0.8 0.0245518818889
0.85 0.14915254452
0.9 0.156911240524
0.95 0.156911436421
1.0 0.163278172253
1.05 0.174974677182
1.1 0.21341950984
1.15 0.26746729824
1.2 0.428845375881
1.25 0.515570104472
1.3 0.581885782947
1.35 0.594149971392
1.4 0.599762559554
1.45 0.601987324804
1.5 0.630712736319
1.55 0.68390185232
1.6 0.787133842187
1.65 0.860538343702
1.7 0.8891007837
1.75 0.958371407246
1.8 1.0414064918
1.85 1.07905691998
1.9 1.09849846468
1.95 1.10762348612
2.0 1.28093566885
0.0 0.0