0 0.0
0.05 0.0543123879168
0.1 0.0543127841847
0.15 0.0896135964039
0.2 0.156328068586
0.25 0.364978963487
0.3 0.364979180963
0.35 0.375656169164
0.4 0.499979796674
0.45 0.807417643568
0.5 0.956535164875
0.55 0.956535215141
0.6 1.22842647053
0.65 1.26881476282
0.7 1.2726488782
0.75 1.27264889482
0.8 1.30578840614
0.85 1.35618836385
0.9 1.35664026216
0.95 1.40787234973
1.0 1.40787279503
1.05 1.59349804286
1.1 1.65166952021
1.15 1.75497979329
1.2 1.91056870912
1.25 2.04831083717
1.3 2.089425986
1.35 2.1272019691
1.4 2.16232741305
1.45 2.31105706923
1.5 2.4130848986
1.55 2.49104131393
1.6 2.51437840945
1.65 2.56626499226
1.7 2.56731261666
1.75 2.56731268819
1.8 2.64415280001
1.85 2.70499721805
1.9 2.71485281549
1.95 2.75594973766
2.0 2.82017698968
0.0 0.0