0 0.0
0.05 -1.80519975024e-08
0.1 3.52630000125e-11
0.15 -1.45895684984e-08
0.2 6.91021533383e-11
0.25 -2.54454226092e-13
0.3 -9.52782433094e-09
0.35 -7.8732390555e-09
0.4 1.35418746023e-10
0.45 -4.60731050002e-09
0.5 -2.99357829908e-09
0.55 1.84467335687e-10
0.6 2.00058023699e-10
0.65 2.16328498778e-10
0.7 2.32067446869e-10
0.75 4.938953249e-09
0.8 6.51133815747e-09
0.85 2.79237484106e-10
0.9 9.65322044532e-09
0.95 1.12501709857e-08
1.0 3.29681564721e-10
1.05 7.05151468578e-10
1.1 3.60648131534e-10
1.15 3.77738566149e-10
1.2 1.96796909018e-08
1.25 4.12990353479e-10
1.3 4.31159740425e-10
1.35 4.49545455338e-10
1.4 4.68315564464e-10
1.45 4.87517658754e-10
1.5 5.07093806575e-10
1.55 5.26967165062e-10
1.6 5.47165970992e-10
1.65 5.67681895463e-10
1.7 5.88577885585e-10
1.75 6.09800840932e-10
1.8 6.31306211692e-10
1.85 6.5297807786e-10
1.9 6.74906688089e-10
1.95 6.96887277438e-10
2.0 7.18997413001e-10
0.0 0.0