0 0.0
0.05 1.22118159818e-10
0.1 2.36252339941e-10
0.15 3.43580192957e-10
0.2 4.4536466077e-10
0.25 5.42860808547e-10
0.3 6.37287693706e-10
0.35 7.29833243398e-10
0.4 8.21677184053e-10
0.45 9.14025278414e-10
0.5 1.00815346953e-09
0.55 1.10546355957e-09
0.6 1.20755496352e-09
0.65 1.31632054823e-09
0.7 1.43407952554e-09
0.75 1.56376824774e-09
0.8 1.70922523182e-09
0.85 1.87563040216e-09
0.9 2.07021107034e-09
0.95 2.30342539363e-09
1.0 2.59104568359e-09
1.05 2.95805339657e-09
1.1 3.44646777933e-09
1.15 4.13262775529e-09
1.2 5.17044221861e-09
1.25 6.92046879327e-09
1.3 1.04731550572e-08
1.35 2.14088501925e-08
1.4 0.0186434214532
1.45 0.0325578025575
1.5 0.0931695843545
1.55 0.0957553633441
1.6 0.106929009991
1.65 0.131800823834
1.7 0.138204054247
1.75 0.138204320877
1.8 0.167000880217
1.85 0.198741397232
1.9 0.198741559361
1.95 0.269063963008
2.0 0.36936886301
0.0 0.0