0 0.0
0.05 1.20851351683e-10
0.1 2.31532028182e-10
0.15 3.34248220654e-10
0.2 4.30816583641e-10
0.25 5.22775557677e-10
0.3 6.11471675529e-10
0.35 6.98128715694e-10
0.4 7.83906867028e-10
0.45 8.69957512486e-10
0.5 9.57478980571e-10
0.55 1.04777881367e-09
0.6 1.14234987095e-09
0.65 1.24296991485e-09
0.7 1.35197866051e-09
0.75 1.47219201774e-09
0.8 1.60735606589e-09
0.85 1.76268029864e-09
0.9 1.94561679408e-09
0.95 2.16728349642e-09
1.0 2.44510745149e-09
1.05 2.80810563671e-09
1.1 3.33707952802e-09
1.15 4.1487695735e-09
1.2 5.49562461007e-09
1.25 8.1386638304e-09
1.3 1.51877117348e-08
1.35 4.22485183281e-08
1.4 0.02733407883
1.45 0.0734425983779
1.5 0.0877964504109
1.55 0.0975163382378
1.6 0.103007379974
1.65 0.13732494766
1.7 0.137324988937
1.75 0.137325000566
1.8 0.147332706036
1.85 0.149043780671
1.9 0.167076247199
1.95 0.203223328089
2.0 0.305070991334
0.0 0.0