0 0.0
0.05 7.66959903744e-10
0.1 1.93579790929e-09
0.15 3.86231347707e-09
0.2 7.23843893518e-09
0.25 -8.3429802013e-11
0.3 0.0238134341633
0.35 0.375112728464
0.4 0.523015635076
0.45 0.551820348601
0.5 0.682774274416
0.55 0.731012761324
0.6 0.811217025608
0.65 0.830263179484
0.7 0.90291562997
0.75 0.97208148864
0.8 0.972081489093
0.85 0.972081512457
0.9 0.972321869474
0.95 0.974057342173
1.0 1.0072005677
1.05 1.00720058054
1.1 1.01854494157
1.15 1.02058410803
1.2 1.1085425944
1.25 1.10854269904
1.3 1.16287679087
1.35 1.30992892394
1.4 1.3956019929
1.45 1.43319699923
1.5 1.46254207318
1.55 1.57007900429
1.6 1.60372372998
1.65 1.67753152479
1.7 1.67753216625
1.75 1.72372087327
1.8 1.72372104183
1.85 1.75598941876
1.9 1.7782525968
1.95 1.79324087946
2.0 1.84274092933
1.37683725893 1.37683725893