0 0.0
0.05 0.00663460485438
0.1 0.00663459920463
0.15 0.00663460555647
0.2 0.00663460861667
0.25 0.00663461025475
0.3 0.00663461124889
0.35 0.00663461191293
0.4 0.00663461238773
0.45 0.00663461274515
0.5 0.00663461302541
0.55 0.00663461325262
0.6 0.00663461344191
0.65 0.0066346136036
0.7 0.00663461374514
0.75 0.00663461387158
0.8 0.00663461398668
0.85 0.00663461409336
0.9 0.00663461419405
0.95 0.00663461429072
1.0 0.00663461438508
1.05 0.00663461447872
1.1 0.00663461457318
1.15 0.00663461466994
1.2 0.00663461477062
1.25 0.00663461487697
1.3 0.00663461499103
1.35 0.00663461511526
1.4 0.00663461525265
1.45 0.00663461540818
1.5 0.0066346156029
1.55 0.00663461599188
1.6 0.00663461539521
1.65 0.00663461558178
1.7 0.00663461495767
1.75 0.00663461634255
1.8 0.00663461525295
1.85 0.00663461757428
1.9 0.00663464016572
1.95 0.00663466027038
2.0 0.00663461727802
0.0 0.0