0 0.0
0.05 0.00245525185542
0.1 0.0341701471062
0.15 0.150031615856
0.2 0.198678619674
0.25 0.247472767807
0.3 0.251313300846
0.35 0.259346304311
0.4 0.272366055761
0.45 0.283420806472
0.5 0.288083348015
0.55 0.319981949348
0.6 0.38846526967
0.65 0.388465916678
0.7 0.562268771106
0.75 0.713013562204
0.8 0.747848776932
0.85 0.86217711886
0.9 0.905137606041
0.95 0.942034413355
1.0 1.28017670511
1.05 1.40346714877
1.1 1.40346721428
1.15 1.48916597197
1.2 1.588486631
1.25 1.65186227174
1.3 1.91779316737
1.35 1.91779320648
1.4 1.91779324087
1.45 2.03994275266
1.5 2.06830016915
1.55 2.07576305517
1.6 2.07576310474
1.65 2.19493579177
1.7 2.26033541056
1.75 2.26033543518
1.8 2.27840395391
1.85 2.27840399041
1.9 2.27840400031
1.95 2.31692780007
2.0 2.36666012034
0.0 0.0