0 0.0
0.05 1.95153293137e-07
0.1 0.00216276996471
0.15 0.0657496435391
0.2 0.0707213735414
0.25 0.0707213863003
0.3 0.0718236493507
0.35 0.0847724005206
0.4 0.17969991266
0.45 0.197855902598
0.5 0.317748556567
0.55 0.317748554481
0.6 0.317748555813
0.65 0.317748556301
0.7 0.31774855649
0.75 0.31774855661
0.8 0.317748556699
0.85 0.31774855677
0.9 0.317748556833
0.95 0.317748556892
1.0 0.31774855694
1.05 0.317748556978
1.1 0.317748557014
1.15 0.317748557045
1.2 0.317748557071
1.25 0.317748557082
1.3 0.317748557075
1.35 0.31774855707
1.4 0.317748557081
1.45 0.317748557092
1.5 0.317748557105
1.55 0.317748557077
1.6 0.317748557199
1.65 0.317748557206
1.7 0.317748557236
1.75 0.317748557282
1.8 0.317748557316
1.85 0.317748557337
1.9 0.317748557367
1.95 0.317748557352
2.0 0.317748557339
-0.980316657373 -0.980316657373