0 0.0
0.05 1.0661303218e-07
0.1 1.09545573723e-07
0.15 1.11828697857e-07
0.2 1.13408248348e-07
0.25 1.14343982505e-07
0.3 1.14851398836e-07
0.35 1.14632970449e-07
0.4 1.13737041341e-07
0.45 1.12215266856e-07
0.5 1.10119995345e-07
0.55 1.07502864388e-07
0.6 1.04414019209e-07
0.65 1.00901832445e-07
0.7 9.70132565392e-08
0.75 9.27943937246e-08
0.8 8.82912520872e-08
0.85 8.5195613897e-08
0.9 8.41233975812e-08
0.95 8.20413690317e-08
1.0 8.1060514967e-08
1.05 8.10418629982e-08
1.1 8.18576577633e-08
1.15 8.34125384319e-08
1.2 8.56594040144e-08
1.25 8.86175861581e-08
1.3 9.23946736897e-08
1.35 9.70187972182e-08
1.4 1.02878048081e-07
1.45 1.10566131584e-07
1.5 1.21088743921e-07
1.55 1.36180484667e-07
1.6 1.58919154059e-07
1.65 1.92732370952e-07
1.7 2.37251483792e-07
1.75 3.11037904099e-07
1.8 2.80698627009e-07
1.85 1.87855926814e-07
1.9 1.25434274523e-07
1.95 8.7260794146e-08
2.0 7.26799962436e-08
-1.7600035757 -1.7600035757