0 0.0
0.05 4.43945822798e-10
0.1 1.04805253755e-09
0.15 1.92553755629e-09
0.2 3.27977969831e-09
0.25 2.8451746378e-09
0.3 0.0256176211275
0.35 0.184982619669
0.4 0.259597322848
0.45 0.29283035227
0.5 0.29283035934
0.55 0.34278695808
0.6 0.345844182062
0.65 0.346491906724
0.7 0.361144342247
0.75 0.449146263222
0.8 0.459227161521
0.85 0.496898961381
0.9 0.532497657623
0.95 0.532497635526
1.0 0.557207635703
1.05 0.563223485856
1.1 0.594713023743
1.15 0.609291938591
1.2 0.645496147852
1.25 0.731480203146
1.3 0.783746597356
1.35 0.799654252319
1.4 0.830170923901
1.45 0.835794399843
1.5 0.856498206831
1.55 0.856498610901
1.6 0.876800910338
1.65 0.952410787133
1.7 0.981302788929
1.75 0.986661719421
1.8 1.08917285535
1.85 1.11334384121
1.9 1.13897290882
1.95 1.14186835466
2.0 1.15126942675
0.259598275881 0.259598275881