0 0.0
0.05 -4.44858296589e-08
0.1 -4.15194052195e-08
0.15 -3.86298343591e-08
0.2 -3.57885894808e-08
0.25 -3.29912513697e-08
0.3 -3.02359222104e-08
0.35 -2.75208300871e-08
0.4 -2.48442389716e-08
0.45 -2.22045623e-08
0.5 -1.96002714892e-08
0.55 -1.70299054303e-08
0.6 -1.46155717806e-08
0.65 -1.22277039605e-08
0.7 -9.81817580015e-09
0.75 -7.38617919605e-09
0.8 -4.9309128447e-09
0.85 -2.45154346823e-09
0.9 5.27692056718e-11
0.95 2.58287452537e-09
1.0 5.1396353562e-09
1.05 7.72390706949e-09
1.1 5.78679743013e-10
1.15 1.29785563407e-08
1.2 1.5654926605e-08
1.25 1.83647440311e-08
1.3 2.11085302571e-08
1.35 2.38873342495e-08
1.4 2.67021976474e-08
1.45 2.95541872641e-08
1.5 3.24443788502e-08
1.55 8.29096652444e-10
1.6 3.83437608609e-08
1.65 8.90034268508e-10
1.7 4.44092389251e-08
1.75 4.75070865702e-08
1.8 5.06498695485e-08
1.85 5.38387468219e-08
1.9 5.70748865947e-08
1.95 6.03594914883e-08
2.0 1.11408723913e-09
0.172965542559 0.172965542559