0 0.0
0.05 -4.81522798367e-08
0.1 -4.60811419641e-08
0.15 -4.40555563957e-08
0.2 -4.20755974285e-08
0.25 -4.01413012406e-08
0.3 -3.82526104013e-08
0.35 -3.64093726514e-08
0.4 -3.46114043045e-08
0.45 -3.28584164854e-08
0.5 -3.11500633566e-08
0.55 -2.94859094209e-08
0.6 -2.7865495327e-08
0.65 -2.62882421177e-08
0.7 -2.47535403064e-08
0.75 -2.32607064884e-08
0.8 -2.18089871728e-08
0.85 -2.03976012685e-08
0.9 -1.90256935175e-08
0.95 -1.76923648915e-08
1.0 -1.63966493415e-08
1.05 -1.51375725491e-08
1.1 -1.39141028669e-08
1.15 -1.27251661197e-08
1.2 -1.15696568314e-08
1.25 -1.04464686517e-08
1.3 -9.35442351093e-09
1.35 -8.29236090116e-09
1.4 -7.25909015416e-09
1.45 -6.25341609248e-09
1.5 -5.27411707725e-09
1.55 -4.31998576322e-09
1.6 -3.38980771693e-09
1.65 -2.48236228901e-09
1.7 -1.59644276444e-09
1.75 -7.30854197918e-10
1.8 1.15510563619e-10
1.85 9.41854262924e-10
1.9 1.75389471752e-09
1.95 2.55281355484e-09
2.0 3.33976754307e-09
0.0 0.0