0 0.0
0.05 2.01987937296e-11
0.1 4.0357911811e-11
0.15 2.69438428535e-08
0.2 -6.23413413566e-12
0.25 1.13491613842e-10
0.3 3.3206469007e-08
0.35 3.53108859237e-08
0.4 3.74167409428e-08
0.45 3.95191535124e-08
0.5 4.16128007282e-08
0.55 4.36919864946e-08
0.6 4.57506154652e-08
0.65 4.77822711357e-08
0.7 4.97802549477e-08
0.75 5.17376331579e-08
0.8 5.36473103938e-08
0.85 5.55020681274e-08
0.9 5.72946408521e-08
0.95 5.90177602375e-08
1.0 6.06642029882e-08
1.05 6.22268907957e-08
1.1 6.36988429157e-08
1.15 6.50732709858e-08
1.2 6.63435484901e-08
1.25 6.75032079679e-08
1.3 6.85396311437e-08
1.35 6.94378156876e-08
1.4 7.02056366541e-08
1.45 7.0836859221e-08
1.5 7.13248678635e-08
1.55 7.16625681394e-08
1.6 7.18421625611e-08
1.65 7.18549742346e-08
1.7 7.169111738e-08
1.75 7.1339332995e-08
1.8 7.07865976396e-08
1.85 7.00178731243e-08
1.9 6.90157267013e-08
1.95 6.77599577558e-08
2.0 6.62272386934e-08
0.0 0.0