0 0.0
0.05 1.61064090039e-10
0.1 3.4995232957e-10
0.15 5.76223417459e-10
0.2 8.53266279131e-10
0.25 1.19773703806e-09
0.3 1.62931069741e-09
0.35 2.17535149883e-09
0.4 2.89582794492e-09
0.45 4.61866057036e-09
0.5 1.14812340341e-08
0.55 2.89650551513e-09
0.6 0.0266944432341
0.65 0.131679098394
0.7 0.138322434322
0.75 0.138323094818
0.8 0.138323129206
0.85 0.138807470368
0.9 0.180172027244
0.95 0.180172383348
1.0 0.252390297708
1.05 0.527087473085
1.1 0.575489462866
1.15 0.783284365855
1.2 0.925276662621
1.25 0.977793622338
1.3 1.012046926
1.35 1.01508221247
1.4 1.03702187937
1.45 1.03702193881
1.5 1.07989697423
1.55 1.07989712158
1.6 1.11507258241
1.65 1.1150726069
1.7 1.17978005849
1.75 1.21247740638
1.8 1.34153371695
1.85 1.39943485325
1.9 1.48049853035
1.95 1.55081991345
2.0 1.55328909409
0.0 0.0