0 0.0
0.05 1.8585135571e-11
0.1 3.63420054426e-11
0.15 -1.9314813884e-08
0.2 -1.75970739713e-08
0.25 -1.59156433933e-08
0.3 -1.42686668966e-08
0.35 1.28990650294e-09
0.4 1.36552189861e-10
0.45 -9.52108650335e-09
0.5 -8.00004004955e-09
0.55 1.72466981763e-10
0.6 -5.02434492316e-09
0.65 -3.56542415206e-09
0.7 -2.1229531011e-09
0.75 -6.9483918142e-10
0.8 7.20994117552e-10
0.85 2.12654664629e-09
0.9 3.52378343235e-09
0.95 4.91538493804e-09
1.0 6.30720240093e-09
1.05 7.70073037039e-09
1.1 9.09774520891e-09
1.15 1.04999141732e-08
1.2 1.19088224703e-08
1.25 1.33259427079e-08
1.3 1.47526286215e-08
1.35 1.61901391198e-08
1.4 1.76395724382e-08
1.45 1.91018974168e-08
1.5 2.05779504542e-08
1.55 2.20684226732e-08
1.6 2.35738316794e-08
1.65 2.50945655658e-08
1.7 2.66308248262e-08
1.75 2.81826885556e-08
1.8 2.97500706712e-08
1.85 3.13327294121e-08
1.9 3.29302801246e-08
1.95 3.45422362512e-08
2.0 3.61679451928e-08
0.0 0.0