0 0.0
0.05 1.16865562799e-10
0.1 2.21509215306e-10
0.15 3.16815278359e-10
0.2 4.05049172435e-10
0.25 4.87790110988e-10
0.3 5.66943036994e-10
0.35 6.43953881016e-10
0.4 7.20006360307e-10
0.45 7.96233768254e-10
0.5 8.73775995401e-10
0.55 9.53747272874e-10
0.6 1.03738406329e-09
0.65 1.12632424429e-09
0.7 1.22242057918e-09
0.75 1.32798254695e-09
0.8 1.44598740542e-09
0.85 1.58040331958e-09
0.9 1.7366961895e-09
0.95 1.92266420026e-09
1.0 2.15305418931e-09
1.05 2.45937509544e-09
1.1 2.86982464994e-09
1.15 3.4341966729e-09
1.2 4.03359650449e-09
1.25 3.21812751118e-09
1.3 2.39868443308e-08
1.35 0.0573385612975
1.4 0.0916424591977
1.45 0.117238866328
1.5 0.15889516216
1.55 0.162608644771
1.6 0.269415980601
1.65 0.269416007577
1.7 0.269416096473
1.75 0.286068816354
1.8 0.286068845829
1.85 0.28606883877
1.9 0.337895593487
1.95 0.477099098305
2.0 0.61370776342
0.0 0.0