0 0.0
0.05 2.05100381123e-11
0.1 4.93596274964e-11
0.15 7.58983986771e-11
0.2 1.0002776385e-10
0.25 -3.4385983394e-08
0.3 -3.17697772534e-08
0.35 1.79894321661e-10
0.4 2.06570982542e-10
0.45 -2.37108970236e-08
0.5 2.61620947128e-10
0.55 2.88573831497e-10
0.6 3.17934789607e-10
0.65 3.46713768806e-10
0.7 3.76079833941e-10
0.75 -6.54713172565e-09
0.8 4.35738112259e-10
0.85 4.6663206632e-10
0.9 4.97467622651e-10
0.95 5.25563592646e-10
1.0 5.52301315793e-10
1.05 5.78008307883e-10
1.1 3.14340109497e-10
1.15 6.24147844519e-10
1.2 1.76640750915e-08
1.25 1.97393688062e-08
1.3 2.16953106591e-08
1.35 7.06241953807e-10
1.4 2.52594802852e-08
1.45 2.68739484e-08
1.5 2.83814565183e-08
1.55 2.97860065501e-08
1.6 3.16281860702e-08
1.65 3.38541494838e-08
1.7 3.60909340191e-08
1.75 3.83333695897e-08
1.8 4.05810569593e-08
1.85 4.28333872815e-08
1.9 4.50893864468e-08
1.95 4.73477164142e-08
2.0 4.96066894229e-08
1.78056966151 1.78056966151