0 0.0
0.05 -1.39405947062e-10
0.1 -4.24508847413e-10
0.15 4.59173897618e-11
0.2 2.64318972419e-09
0.25 4.17452908914e-09
0.3 5.70776225222e-09
0.35 7.24549471836e-09
0.4 8.79028592274e-09
0.45 1.03446096208e-08
0.5 1.19108955026e-08
0.55 1.70353233806e-10
0.6 1.86546558292e-10
0.65 1.67044694799e-08
0.7 2.18336207202e-10
0.75 2.00004609e-08
0.8 2.16843790513e-08
0.85 2.3394558678e-08
0.9 2.85350146044e-10
0.95 3.04458004967e-10
1.0 2.88659304165e-08
1.05 3.44110875589e-10
1.1 3.64852075569e-10
1.15 3.88281525991e-10
1.2 4.08608491146e-10
1.25 4.32614607695e-10
1.3 4.53466264253e-10
1.35 4.77065107889e-10
1.4 5.01428241963e-10
1.45 5.26368532308e-10
1.5 5.51807351841e-10
1.55 5.78171975033e-10
1.6 6.05008609345e-10
1.65 6.32552884181e-10
1.7 6.60741747209e-10
1.75 6.89548699736e-10
1.8 7.19044183872e-10
1.85 7.49284514573e-10
1.9 7.80213694931e-10
1.95 8.11944941611e-10
2.0 8.44289556861e-10
0.0 0.0