0 0.0
0.05 1.50105043378e-11
0.1 1.60102997221e-09
0.15 3.33219683649e-09
0.2 6.85324398197e-11
0.25 8.63827651792e-11
0.3 1.04863561877e-10
0.35 1.23232657434e-10
0.4 1.42219792601e-10
0.45 1.61627423767e-10
0.5 1.81404023622e-10
0.55 2.01679048356e-10
0.6 2.22772476913e-10
0.65 2.43859492262e-10
0.7 2.65773536863e-10
0.75 2.88162635506e-10
0.8 3.11184176905e-10
0.85 3.3481373099e-10
0.9 3.5921822982e-10
0.95 3.84001802833e-10
1.0 4.09554353778e-10
1.05 4.35832155439e-10
1.1 4.62742626269e-10
1.15 4.90374751055e-10
1.2 5.1844692412e-10
1.25 5.47100330121e-10
1.3 5.7626549718e-10
1.35 6.06028476088e-10
1.4 6.36174813246e-10
1.45 6.66695937641e-10
1.5 6.97813905153e-10
1.55 7.28790935797e-10
1.6 7.6015128976e-10
1.65 7.91653488988e-10
1.7 8.23187881775e-10
1.75 8.54756612057e-10
1.8 8.86217527422e-10
1.85 9.17463124903e-10
1.9 9.48782002389e-10
1.95 9.79361216779e-10
2.0 1.00953911587e-09
0.0 0.0