0 0.0
0.05 1.22472120326e-11
0.1 2.87825516115e-08
0.15 2.98978800032e-08
0.2 3.09518888952e-08
0.25 3.19393204851e-08
0.3 3.28541083574e-08
0.35 3.36901060646e-08
0.4 3.44415537974e-08
0.45 3.51027472438e-08
0.5 3.56682428898e-08
0.55 3.61328177355e-08
0.6 3.64916094853e-08
0.65 3.67401120506e-08
0.7 3.68743927517e-08
0.75 3.68910323553e-08
0.8 3.67873057119e-08
0.85 3.65612271265e-08
0.9 3.62116220989e-08
0.95 3.5738211888e-08
1.0 3.51416961576e-08
1.05 3.44237772875e-08
1.1 3.35872337401e-08
1.15 3.26360350392e-08
1.2 3.15751790663e-08
1.25 3.04155540218e-08
1.3 2.91596794263e-08
1.35 2.78446624166e-08
1.4 2.67947619229e-08
1.45 2.60486400585e-08
1.5 2.52310135419e-08
1.55 2.43456876678e-08
1.6 2.33993382284e-08
1.65 2.23993169641e-08
1.7 2.13537755031e-08
1.75 2.02713551144e-08
1.8 1.916125876e-08
1.85 1.80330738278e-08
1.9 1.68967142773e-08
1.95 1.57621317691e-08
2.0 1.4639315314e-08
0.0 0.0