0 0.0
0.05 2.30790386802e-11
0.1 3.07351716855e-08
0.15 3.28021188545e-08
0.2 3.47463012806e-08
0.25 3.65658239798e-08
0.3 3.8259673707e-08
0.35 3.98276963076e-08
0.4 4.1270619533e-08
0.45 4.25904653767e-08
0.5 4.37914627893e-08
0.55 4.4875937244e-08
0.6 4.58511617007e-08
0.65 4.74530910122e-08
0.7 4.90285285148e-08
0.75 5.05790529459e-08
0.8 5.21058889369e-08
0.85 5.36098472836e-08
0.9 5.50932500731e-08
0.95 5.65694920907e-08
1.0 5.8022657734e-08
1.05 5.94512478136e-08
1.1 6.0853047934e-08
1.15 6.22250180271e-08
1.2 6.35631721702e-08
1.25 6.4862544058e-08
1.3 6.61169581861e-08
1.35 6.73188931821e-08
1.4 6.8459401148e-08
1.45 6.95276784479e-08
1.5 7.05109827748e-08
1.55 7.13941499808e-08
1.6 7.2159194231e-08
1.65 7.27846881099e-08
1.7 7.32449340068e-08
1.75 7.35087579695e-08
1.8 7.35379853123e-08
1.85 7.32847407203e-08
1.9 7.26876275836e-08
1.95 7.16652330812e-08
2.0 7.01048483154e-08
0.334685518964 0.334685518964