0 0.0
0.05 2.08145763237e-11
0.1 1.08946867717e-08
0.15 6.55284094836e-11
0.2 8.96252424974e-11
0.25 1.81553745765e-08
0.3 1.42244145037e-10
0.35 1.70934230191e-10
0.4 2.01401392816e-10
0.45 2.33769090386e-10
0.5 2.68178144109e-10
0.55 3.0475602865e-10
0.6 3.43576185028e-10
0.65 3.84970331756e-10
0.7 4.29076175553e-10
0.75 4.7587007659e-10
0.8 5.16422155348e-10
0.85 5.50483210117e-10
0.9 5.85318658262e-10
0.95 6.20961965557e-10
1.0 6.57053202405e-10
1.05 6.9376979667e-10
1.1 7.31238815769e-10
1.15 7.69463765238e-10
1.2 8.0847308207e-10
1.25 8.48268475583e-10
1.3 8.88873242131e-10
1.35 9.30242197234e-10
1.4 9.72395747458e-10
1.45 1.01536385911e-09
1.5 1.05913161418e-09
1.55 1.10369960592e-09
1.6 1.14907655283e-09
1.65 1.19519297308e-09
1.7 1.24210762917e-09
1.75 1.28979881484e-09
1.8 1.33826199649e-09
1.85 1.38744106262e-09
1.9 1.43739231301e-09
1.95 1.48801925019e-09
2.0 1.53935695001e-09
0.0 0.0