0 0.0
0.05 0.0300329636827
0.1 0.0499025552687
0.15 0.10071877725
0.2 0.25617313
0.25 0.26752930715
0.3 0.285987155106
0.35 0.331885498755
0.4 0.419093200557
0.45 0.594301044812
0.5 0.667156372926
0.55 0.740877624193
0.6 0.740877754548
0.65 0.761964019019
0.7 0.76196442518
0.75 0.793706033876
0.8 1.09353794847
0.85 1.15023565376
0.9 1.28959639438
0.95 1.30836969678
1.0 1.30837026199
1.05 1.4849621563
1.1 1.49975046187
1.15 1.58747163682
1.2 1.64113898872
1.25 1.64276911405
1.3 1.64276912834
1.35 1.66622770407
1.4 1.86788109541
1.45 1.91362178432
1.5 1.91674784793
1.55 2.02709744809
1.6 2.05823131264
1.65 2.08536276213
1.7 2.09570523202
1.75 2.12167016812
1.8 2.12180891653
1.85 2.40245699711
1.9 2.56693571849
1.95 2.58959059575
2.0 2.63388901609
0.0 0.0