0 0.0
0.05 1.35117339803e-07
0.1 0.0243372950789
0.15 0.0243375223882
0.2 0.0259405307459
0.25 0.0263677063361
0.3 0.0263677587963
0.35 0.0263678070108
0.4 0.0270400633474
0.45 0.027251613957
0.5 0.043826424586
0.55 0.047754191683
0.6 0.0520415917523
0.65 0.0520457673423
0.7 0.0725200125006
0.75 0.107285476768
0.8 0.13310455275
0.85 0.133183630949
0.9 0.133285203155
0.95 0.208189725756
1.0 0.280299427219
1.05 0.465932099863
1.1 0.534317420297
1.15 0.563516647927
1.2 0.633252350269
1.25 0.699848958415
1.3 0.905197133467
1.35 0.975609427943
1.4 1.03166224361
1.45 1.08335684483
1.5 1.10405501395
1.55 1.11054511067
1.6 1.17016650866
1.65 1.18702349871
1.7 1.30713222692
1.75 1.31443097554
1.8 1.32578186687
1.85 1.37388414696
1.9 1.37388423479
1.95 1.42889573747
2.0 1.43128166204
0.424571076038 0.424571076038