0 0.0
0.05 9.81618465482e-11
0.1 1.91556150261e-10
0.15 2.8151742745e-10
0.2 3.69255243565e-10
0.25 4.55911980236e-10
0.3 5.42542751226e-10
0.35 6.30172329414e-10
0.4 7.19947271811e-10
0.45 8.13150467932e-10
0.5 9.11264303989e-10
0.55 1.01605603072e-09
0.6 1.12969681327e-09
0.65 1.25655720414e-09
0.7 1.40007839556e-09
0.75 1.56550280597e-09
0.8 1.7605420843e-09
0.85 1.99641019235e-09
0.9 2.29002593465e-09
0.95 2.66803228575e-09
1.0 3.17466603995e-09
1.05 3.99362604547e-09
1.1 5.18826604154e-09
1.15 7.21417313696e-09
1.2 1.18970915401e-08
1.25 3.58912566992e-08
1.3 0.0170390304917
1.35 0.0831567641226
1.4 0.132259953601
1.45 0.217675043098
1.5 0.217675354742
1.55 0.217675394072
1.6 0.232650760282
1.65 0.244069192211
1.7 0.325336597227
1.75 0.346507527522
1.8 0.364282574486
1.85 0.373232800441
1.9 0.382114094
1.95 0.400057540706
2.0 0.43628433513
0.0 0.0