0 0.0
0.05 -6.08940546217e-08
0.1 -5.83471763104e-08
0.15 7.64389051685e-11
0.2 -5.34119352005e-08
0.25 -5.10220838342e-08
0.3 -4.86831296012e-08
0.35 -4.63943481528e-08
0.4 -4.41550536056e-08
0.45 -4.19645398671e-08
0.5 -3.98221195669e-08
0.55 -3.7727081544e-08
0.6 -3.56786881417e-08
0.65 -3.36761623213e-08
0.7 -3.19484698614e-08
0.75 3.32442953728e-10
0.8 -2.85301326478e-08
0.85 -2.6838397633e-08
0.9 -2.51578659112e-08
0.95 -2.3490126386e-08
1.0 -2.18353269038e-08
1.05 -2.0193436494e-08
1.1 -1.85642638694e-08
1.15 -1.69474179236e-08
1.2 4.81741197426e-10
1.25 -1.37483750993e-08
1.3 5.19987882979e-10
1.35 1.14052950325e-09
1.4 -9.02324875775e-09
1.45 5.60400296424e-10
1.5 5.75960383892e-10
1.55 -4.35688176413e-09
1.6 6.06986059307e-10
1.65 -1.25770694697e-09
1.7 2.93857739736e-10
1.75 1.84967293377e-09
1.8 3.41154674493e-09
1.85 4.98155526467e-09
1.9 6.55942054127e-09
1.95 7.16589349897e-10
2.0 7.33208639002e-10
0.0 0.0