0 0.0
0.05 2.19112351077e-08
0.1 2.35740561065e-08
0.15 4.99423164146e-11
0.2 6.70288934479e-11
0.25 2.85932313595e-08
0.3 3.0275295034e-08
0.35 3.19608428424e-08
0.4 3.36490525607e-08
0.45 3.53389689726e-08
0.5 3.70295024189e-08
0.55 3.87194705423e-08
0.6 4.04897470213e-08
0.65 4.26496154003e-08
0.7 2.49520789463e-10
0.75 4.71182621162e-08
0.8 4.94277114096e-08
0.85 5.17875560151e-08
0.9 5.4197951683e-08
0.95 5.66589501119e-08
1.0 5.91705711581e-08
1.05 6.1732757564e-08
1.1 6.43588630922e-08
1.15 6.70500505953e-08
1.2 6.97949229517e-08
1.25 5.24449770885e-10
1.3 7.54459245463e-08
1.35 7.83521799248e-08
1.4 6.12146109125e-10
1.45 8.43264914835e-08
1.5 8.73947241046e-08
1.55 9.05171601489e-08
1.6 9.36939348473e-08
1.65 9.69280024904e-08
1.7 8.00846518726e-10
1.75 8.35072514724e-10
1.8 8.69564894008e-10
1.85 9.11124533341e-10
1.9 9.40844261276e-10
1.95 9.77652077496e-10
2.0 1.01559532455e-09
0.0 0.0