0 0.0
0.05 1.19024052457e-10
0.1 2.51714383929e-10
0.15 4.00048826761e-10
0.2 5.73552113925e-10
0.25 7.77625471497e-10
0.3 1.0223771712e-09
0.35 1.32241900025e-09
0.4 1.69953487146e-09
0.45 2.18649009588e-09
0.5 2.82852970851e-09
0.55 3.65344171471e-09
0.6 4.38971024712e-09
0.65 2.04248304161e-08
0.7 1.21272536716e-08
0.75 0.00173932237244
0.8 0.0402561136063
0.85 0.17825541542
0.9 0.327913636418
0.95 0.377203649718
1.0 0.377203890905
1.05 0.420456346303
1.1 0.48427045398
1.15 0.524595885269
1.2 0.667493285787
1.25 0.667493290884
1.3 0.667493293621
1.35 0.689551851809
1.4 0.731991975851
1.45 0.751156209736
1.5 0.828899207492
1.55 1.01794533096
1.6 1.04187166825
1.65 1.04187167037
1.7 1.0418718606
1.75 1.22164927605
1.8 1.31826645004
1.85 1.31826645549
1.9 1.33567414539
1.95 1.44230918202
2.0 1.4608919752
0.0 0.0