0 0.0
0.05 -1.14242739419e-08
0.1 -9.79656621543e-09
0.15 -8.18515053987e-09
0.2 6.46193954521e-11
0.25 -5.00065064302e-09
0.3 -3.4262283337e-09
0.35 -1.86179329228e-09
0.4 -3.05860598318e-10
0.45 1.39080620336e-10
0.5 2.78643574105e-09
0.55 4.32575984572e-09
0.6 5.86246412681e-09
0.65 7.39790327397e-09
0.7 8.93341691625e-09
0.75 1.04702115225e-08
0.8 1.20094315084e-08
0.85 1.35520849895e-08
0.9 1.50990428733e-08
0.95 1.66510453935e-08
1.0 1.82086443746e-08
1.05 1.97722521062e-08
1.1 2.13420452726e-08
1.15 2.29180304518e-08
1.2 2.44999786429e-08
1.25 2.60874323133e-08
1.3 2.76797007401e-08
1.35 2.92758479927e-08
1.4 3.08746970022e-08
1.45 3.24747974418e-08
1.5 3.40744713583e-08
1.55 3.56717619144e-08
1.6 3.72644452527e-08
1.65 3.88501262894e-08
1.7 4.04260932478e-08
1.75 4.19894518153e-08
1.8 4.3537082034e-08
1.85 4.50656659709e-08
1.9 4.65717139259e-08
1.95 4.80515323022e-08
2.0 4.95013336039e-08
0.0 0.0