0 0.0
0.05 -8.89937593618e-08
0.1 7.028344573e-11
0.15 1.07021502771e-10
0.2 -7.82135892718e-08
0.25 1.79906756159e-10
0.3 2.16176188061e-10
0.35 2.52877607743e-10
0.4 2.90042878603e-10
0.45 3.27215365914e-10
0.5 3.6283498428e-10
0.55 -5.22112012513e-08
0.6 4.31516156141e-10
0.65 -4.45661285653e-08
0.7 -4.07385939427e-08
0.75 -3.69140358281e-08
0.8 5.94584492752e-10
0.85 6.29775342986e-10
0.9 6.6498595519e-10
0.95 7.00677182941e-10
1.0 7.36718130945e-10
1.05 7.73191732861e-10
1.1 -1.15982642379e-08
1.15 8.45889469581e-10
1.2 8.82086959031e-10
1.25 9.18388698423e-10
1.3 9.53392476077e-10
1.35 6.23492157903e-09
1.4 1.02145925052e-09
1.45 1.27504167224e-08
1.5 1.57314230531e-08
1.55 1.8464638929e-08
1.6 2.08935083679e-08
1.65 2.2953019263e-08
1.7 2.45961359058e-08
1.75 2.57040387863e-08
1.8 2.61477408614e-08
1.85 2.58026475741e-08
1.9 2.45217377515e-08
1.95 2.21287960178e-08
2.0 2.18195408408e-08
-0.811238678611 -0.811238678611