0 0.0
0.05 1.86120480274e-10
0.1 3.45605907142e-10
0.15 4.8487095859e-10
0.2 6.08648285761e-10
0.25 7.20525261848e-10
0.3 8.23295141826e-10
0.35 9.19195243361e-10
0.4 1.01007392242e-09
0.45 1.09751219693e-09
0.5 1.18284089946e-09
0.55 1.26763473397e-09
0.6 1.3531747889e-09
0.65 1.44078404391e-09
0.7 1.53226620149e-09
0.75 1.62903148464e-09
0.8 1.73300127077e-09
0.85 1.84659273054e-09
0.9 1.97296562147e-09
0.95 2.11641851908e-09
1.0 2.28305546556e-09
1.05 2.48869988869e-09
1.1 2.75622089902e-09
1.15 3.06583077151e-09
1.2 3.39076421589e-09
1.25 3.8657732592e-09
1.3 4.53066160892e-09
1.35 4.98720288849e-09
1.4 1.22439600341e-08
1.45 3.66927017917e-09
1.5 6.27547578047e-07
1.55 0.08828836748
1.6 0.211943844904
1.65 0.211943869648
1.7 0.230673233617
1.75 0.286266185503
1.8 0.488237243032
1.85 0.56209192372
1.9 0.562091951229
1.95 0.577845671148
2.0 0.669646976824
-0.731611680018 -0.731611680018