0 0.0
0.05 8.92738513469e-11
0.1 1.82602341997e-10
0.15 2.81584555268e-10
0.2 3.88099017525e-10
0.25 5.0441750591e-10
0.3 6.33354486885e-10
0.35 7.78470305836e-10
0.4 9.44348346639e-10
0.45 1.13698695667e-09
0.5 1.36436968149e-09
0.55 1.63734850884e-09
0.6 1.97101940584e-09
0.65 2.38625727345e-09
0.7 3.48618025766e-09
0.75 5.89503736987e-09
0.8 1.2525055053e-08
0.85 5.5380889512e-09
0.9 0.0751395225942
0.95 0.0832121495768
1.0 0.0957498539548
1.05 0.182246241215
1.1 0.187183548815
1.15 0.18718357648
1.2 0.207277020651
1.25 0.215981228579
1.3 0.284731542729
1.35 0.352280851215
1.4 0.409364755774
1.45 0.409365600445
1.5 0.565795837204
1.55 0.607763331004
1.6 0.607763339752
1.65 0.635803461271
1.7 0.657035150081
1.75 0.707282918182
1.8 0.709146515973
1.85 0.761816364748
1.9 0.817927219972
1.95 0.842049268146
2.0 0.979467836715
0.0 0.0