0 0.0
0.05 8.76613247543e-10
0.1 1.60061756865e-09
0.15 6.23007566193e-10
0.2 -6.12458421911e-11
0.25 3.64051471721e-10
0.3 1.0002126656e-09
0.35 1.62241218465e-09
0.4 2.15254385319e-09
0.45 2.61343715701e-09
0.5 3.0085396524e-09
0.55 3.36279416665e-09
0.6 3.68715647866e-09
0.65 3.9882649869e-09
0.7 4.2719625664e-09
0.75 4.54339166403e-09
0.8 4.80716451978e-09
0.85 5.06757772555e-09
0.9 5.32887732719e-09
0.95 5.5951326153e-09
1.0 5.87070924567e-09
1.05 6.16038536075e-09
1.1 6.46954568891e-09
1.15 6.80431003427e-09
1.2 7.17136813693e-09
1.25 7.5767045857e-09
1.3 8.01997050341e-09
1.35 8.48483090104e-09
1.4 8.39458915981e-09
1.45 8.21506432357e-09
1.5 9.05307595516e-09
1.55 9.87148011127e-09
1.6 5.49417353676e-09
1.65 6.07011272859e-09
1.7 6.72477651283e-09
1.75 8.45398406111e-09
1.8 1.80873298202e-08
1.85 0.0202250800083
1.9 0.0767814512895
1.95 0.0938086367935
2.0 0.20915293169
0.0 0.0