0 0.0
0.05 1.86448241402e-07
0.1 1.78041384857e-07
0.15 1.68965728159e-07
0.2 1.66539413982e-07
0.25 1.6499210781e-07
0.3 1.63290568123e-07
0.35 1.61515268299e-07
0.4 1.59608922856e-07
0.45 1.5751046481e-07
0.5 1.55220388653e-07
0.55 1.52749411259e-07
0.6 1.50124512488e-07
0.65 1.47398186184e-07
0.7 1.4466117948e-07
0.75 1.42058906971e-07
0.8 1.39807923516e-07
0.85 1.38203147315e-07
0.9 1.37596897237e-07
0.95 1.38328363708e-07
1.0 1.40607275323e-07
1.05 1.44411835851e-07
1.1 1.49501084568e-07
1.15 1.55643226668e-07
1.2 1.63257601576e-07
1.25 1.75099248517e-07
1.3 2.00205148376e-07
1.35 1.9034092949e-07
1.4 1.9268747023e-07
1.45 1.98454981143e-07
1.5 1.63158398098e-07
1.55 1.1803431732e-07
1.6 9.98566729304e-10
1.65 2.35629706635e-07
1.7 1.44975481675e-07
1.75 7.70802652261e-09
1.8 1.25978721066e-08
1.85 1.59599846949e-08
1.9 3.65606182273e-08
1.95 5.05909746318e-08
2.0 5.68848858573e-08
-0.236799192963 -0.236799192963