0 0.0
0.05 2.67641413877e-11
0.1 -3.10103941117e-08
0.15 -2.85403827563e-08
0.2 -2.62100145342e-08
0.25 -2.40715507322e-08
0.3 -2.24973603619e-08
0.35 -2.09207083631e-08
0.4 -1.93433135189e-08
0.45 -1.77663489656e-08
0.5 -1.61904776519e-08
0.55 2.16604864161e-10
0.6 -1.30424301553e-08
0.65 -1.14718162279e-08
0.7 -9.90505286648e-09
0.75 -8.33517541269e-09
0.8 2.9522047638e-10
0.85 -5.1778050018e-09
0.9 -3.58882548378e-09
0.95 -1.98726093128e-09
1.0 -3.70647224222e-10
1.05 1.26366433152e-09
1.1 2.91851110871e-09
1.15 4.09804852443e-10
1.2 4.26988255485e-10
1.25 4.44067171877e-10
1.3 9.80571807377e-09
1.35 1.16113244584e-08
1.4 1.34576304389e-08
1.45 5.17242086516e-10
1.5 5.3663615992e-10
1.55 5.5688734447e-10
1.6 5.77077221833e-10
1.65 5.98352011071e-10
1.7 6.19853183555e-10
1.75 6.42287056534e-10
1.8 6.65427912649e-10
1.85 6.89275755248e-10
1.9 7.13978735827e-10
1.95 7.39543518144e-10
2.0 7.6622026772e-10
0.0 0.0