0 0.0
0.05 1.48312104638e-08
0.1 1.62360325928e-08
0.15 1.63272842687e-08
0.2 1.65254382863e-08
0.25 1.66742462095e-08
0.3 1.67751752062e-08
0.35 1.68375649473e-08
0.4 1.68844689347e-08
0.45 1.69288593167e-08
0.5 1.69702188446e-08
0.55 1.70085827028e-08
0.6 1.70443458373e-08
0.65 1.70796012739e-08
0.7 1.71165600937e-08
0.75 1.71503203346e-08
0.8 1.69989347431e-08
0.85 1.70864438489e-08
0.9 1.71338905952e-08
0.95 1.71776387851e-08
1.0 1.72152400941e-08
1.05 1.72686576627e-08
1.1 1.73468256937e-08
1.15 1.73842692965e-08
1.2 1.76230203579e-08
1.25 1.75953279523e-08
1.3 1.73830243367e-08
1.35 1.74884345345e-08
1.4 1.75001308796e-08
1.45 1.80027158921e-08
1.5 2.11888496957e-08
1.55 1.83164328471e-08
1.6 1.80722528954e-08
1.65 1.86072099682e-08
1.7 1.86498388122e-08
1.75 2.06149440566e-08
1.8 2.18989161045e-08
1.85 2.28222816446e-08
1.9 2.18847766127e-08
1.95 2.10056095889e-08
2.0 0.00287167299533
-1.04763072687 -1.04763072687