0 0.0
0.05 -1.44511810673e-08
0.1 3.74008860378e-11
0.15 -1.06784525746e-08
0.2 7.57340112962e-11
0.25 9.45266209789e-11
0.3 1.14975348397e-10
0.35 1.35211411289e-10
0.4 1.55852820488e-10
0.45 1.77007624359e-10
0.5 1.98702111902e-10
0.55 2.21048277833e-10
0.6 2.44099725175e-10
0.65 2.67922228377e-10
0.7 2.92587150297e-10
0.75 3.18188305455e-10
0.8 3.44788377722e-10
0.85 3.72487051998e-10
0.9 4.01421747013e-10
0.95 4.31482492992e-10
1.0 4.62936268299e-10
1.05 4.95938415679e-10
1.1 5.3053484287e-10
1.15 5.66772239463e-10
1.2 5.99503465015e-10
1.25 6.2904709405e-10
1.3 6.59139091584e-10
1.35 6.89575633845e-10
1.4 7.20526624905e-10
1.45 7.51891619712e-10
1.5 7.8366385565e-10
1.55 8.15765448527e-10
1.6 8.48191009946e-10
1.65 8.80833567514e-10
1.7 9.13943338399e-10
1.75 9.47393973256e-10
1.8 9.81015635256e-10
1.85 1.01479162203e-09
1.9 1.04850791564e-09
1.95 1.08220859615e-09
2.0 1.11578738489e-09
0.0 0.0