0 0.0
0.05 6.13750161804e-11
0.1 1.19503697493e-07
0.15 1.24843077542e-07
0.2 2.19013363001e-10
0.25 3.10564240991e-10
0.3 4.04467570547e-10
0.35 5.01546582043e-10
0.4 6.05004268905e-10
0.45 7.12192194108e-10
0.5 8.22747647788e-10
0.55 9.36315580624e-10
0.6 1.0532433814e-09
0.65 1.1800850297e-09
0.7 1.31307820173e-09
0.75 1.45053380418e-09
0.8 1.59273383371e-09
0.85 1.74005776454e-09
0.9 1.89287374663e-09
0.95 2.05161043709e-09
1.0 2.21682072699e-09
1.05 2.38915887074e-09
1.1 2.56873078364e-09
1.15 2.7559786675e-09
1.2 2.95116253657e-09
1.25 3.15455639388e-09
1.3 3.36623096064e-09
1.35 3.58602980643e-09
1.4 3.81350717671e-09
1.45 4.0480145902e-09
1.5 4.28811475217e-09
1.55 4.53363879771e-09
1.6 4.7833401684e-09
1.65 5.03433494892e-09
1.7 5.28503951713e-09
1.75 5.53370294032e-09
1.8 5.77949832437e-09
1.85 6.02425320739e-09
1.9 6.27335206005e-09
1.95 6.53720111377e-09
2.0 6.83161749393e-09
-0.980316657373 -0.980316657373