0 0.0
0.05 9.8301425442e-10
0.1 2.39554169593e-09
0.15 3.80712070765e-09
0.2 5.21922165277e-09
0.25 7.08635299387e-11
0.3 8.71789428266e-11
0.35 9.91762018219e-11
0.4 1.09019329706e-08
0.45 1.23382224279e-08
0.5 1.60696970036e-10
0.55 1.58179976336e-10
0.6 1.71644150079e-10
0.65 1.87491235387e-10
0.7 2.19200596498e-10
0.75 2.17055038953e-08
0.8 2.34791694176e-08
0.85 3.01961694695e-10
0.9 2.76302644565e-10
0.95 2.9587058358e-10
1.0 3.15972901775e-10
1.05 3.3667406232e-10
1.1 3.58100342333e-10
1.15 3.80204836221e-10
1.2 4.03046491524e-10
1.25 4.26635973564e-10
1.3 4.50973039445e-10
1.35 4.75966607668e-10
1.4 5.0203696894e-10
1.45 5.28369115633e-10
1.5 5.55788857994e-10
1.55 5.83991935221e-10
1.6 6.13091663747e-10
1.65 6.43039018153e-10
1.7 6.73905811554e-10
1.75 7.05591932175e-10
1.8 7.38254109698e-10
1.85 7.7183867353e-10
1.9 8.06338187216e-10
1.95 8.41850517808e-10
2.0 8.7830788107e-10
0.0 0.0