0 0.0
0.05 -1.91260819799e-09
0.1 -1.64887012701e-10
0.15 5.16197575524e-11
0.2 3.27929264115e-09
0.25 4.98149739068e-09
0.3 1.03664220151e-10
0.35 8.3756673694e-09
0.4 1.00734185088e-08
0.45 1.1775195812e-08
0.5 1.34834267291e-08
0.55 1.52003547188e-08
0.6 1.69274381848e-08
0.65 1.86667020573e-08
0.7 2.04207738596e-08
0.75 2.21907892875e-08
0.8 2.39775922171e-08
0.85 2.57816605006e-08
0.9 2.76031135163e-08
0.95 2.94417529322e-08
1.0 3.12969557923e-08
1.05 3.31677516522e-08
1.1 3.50527772608e-08
1.15 3.69503208217e-08
1.2 3.88583077791e-08
1.25 4.07743292861e-08
1.3 4.2695685933e-08
1.35 4.4619359156e-08
1.4 4.65421576363e-08
1.45 4.84606400997e-08
1.5 5.0398398784e-08
1.55 5.23519760252e-08
1.6 5.4297019732e-08
1.65 5.62464869541e-08
1.7 5.82077715084e-08
1.75 6.01552657432e-08
1.8 6.20857481383e-08
1.85 6.39960778618e-08
1.9 6.58831651527e-08
1.95 6.77440112381e-08
2.0 6.95786591068e-08
0.0 0.0