0 0.0
0.05 2.96783935283e-11
0.1 5.76871015165e-11
0.15 -3.92246909402e-08
0.2 -3.66533904506e-08
0.25 -3.4196343404e-08
0.3 -3.18493069786e-08
0.35 -2.96079191522e-08
0.4 -2.74677664103e-08
0.45 -2.54503309052e-08
0.5 -2.35330798039e-08
0.55 -2.17001756242e-08
0.6 -1.99469579682e-08
0.65 -1.82688712972e-08
0.7 -1.67438973824e-08
0.75 -1.5280668964e-08
0.8 -1.38567413527e-08
0.85 -1.24699625239e-08
0.9 -1.11181414981e-08
0.95 -9.81065255606e-09
1.0 -8.54217352499e-09
1.05 -7.2980570454e-09
1.1 -6.07616154217e-09
1.15 -4.87434164743e-09
1.2 -3.69045276336e-09
1.25 -2.52236862486e-09
1.3 -1.36795780391e-09
1.35 -2.25118927164e-10
1.4 9.08227900609e-10
1.45 2.03412987773e-09
1.5 3.15460940143e-09
1.55 4.27163470782e-09
1.6 5.38712608288e-09
1.65 6.50296083151e-09
1.7 7.62093384742e-09
1.75 8.74278234294e-09
1.8 9.87016044684e-09
1.85 1.10046279839e-08
1.9 1.21476469842e-08
1.95 1.33005705033e-08
2.0 1.44646176017e-08
0.0 0.0