0 0.0
0.05 -7.69057307837e-08
0.1 1.06176456516e-10
0.15 -6.64943155537e-08
0.2 -6.15207687571e-08
0.25 -5.66968780813e-08
0.3 -5.20186828057e-08
0.35 -4.74910038517e-08
0.4 -4.31058549966e-08
0.45 -3.88529120543e-08
0.5 -3.47280489366e-08
0.55 -3.07271575961e-08
0.6 -2.68462073127e-08
0.65 -2.30812757795e-08
0.7 -1.94284697219e-08
0.75 -1.5884063953e-08
0.8 -1.24443913507e-08
0.85 -9.10592001802e-09
0.9 -5.86526488489e-09
0.95 -2.71912875549e-09
1.0 3.35612704294e-10
1.05 3.30198896004e-09
1.1 6.1828920872e-09
1.15 8.98107332947e-09
1.2 1.16991746846e-08
1.25 1.43397141383e-08
1.3 1.69050982102e-08
1.35 1.93976284479e-08
1.4 2.18194899371e-08
1.45 2.41728033146e-08
1.5 2.64595944599e-08
1.55 2.86817908868e-08
1.6 3.08701096907e-08
1.65 3.30053349651e-08
1.7 3.50867448429e-08
1.75 3.71160062129e-08
1.8 3.90947252904e-08
1.85 4.10244819227e-08
1.9 4.29068380825e-08
1.95 4.47433404771e-08
2.0 4.65618971157e-08
0.388550489369 0.388550489369