0 0.0
0.05 2.2018165069e-11
0.1 1.81543325262e-07
0.15 1.82970147034e-07
0.2 1.8403145674e-07
0.25 1.84733481401e-07
0.3 7.4108941206e-11
0.35 1.10351727756e-10
0.4 1.84900731171e-07
0.45 1.84418443627e-07
0.5 1.83731655223e-07
0.55 1.82881251476e-07
0.6 1.81907236163e-07
0.65 1.80847488318e-07
0.7 1.79736922679e-07
0.75 1.78591964994e-07
0.8 1.77443336913e-07
0.85 1.76346041991e-07
0.9 1.75319079476e-07
0.95 1.74376934892e-07
1.0 1.73530066983e-07
1.05 1.7278564246e-07
1.1 1.72148045596e-07
1.15 1.71619605416e-07
1.2 1.7120125162e-07
1.25 1.70893208917e-07
1.3 1.70695781732e-07
1.35 1.70610201078e-07
1.4 1.70721534465e-07
1.45 1.71269528115e-07
1.5 1.71933997706e-07
1.55 1.72736150938e-07
1.6 1.73704352235e-07
1.65 1.74875864456e-07
1.7 1.76299221222e-07
1.75 1.78037210974e-07
1.8 1.80170844022e-07
1.85 1.82804465565e-07
1.9 1.86072889763e-07
1.95 1.9015069741e-07
2.0 1.95263724745e-07
-1.36037072641 -1.36037072641