0 0.0
0.05 1.52119428165e-11
0.1 9.69208450163e-08
0.15 9.81700206681e-08
0.2 9.92656303822e-08
0.25 1.00201505981e-07
0.3 1.00971756511e-07
0.35 1.01570765798e-07
0.4 1.01993378521e-07
0.45 1.02234823607e-07
0.5 1.0229085512e-07
0.55 1.02157830528e-07
0.6 1.01809904951e-07
0.65 1.01248057605e-07
0.7 1.0047559762e-07
0.75 9.94914541863e-08
0.8 9.82959039719e-08
0.85 9.68907843957e-08
0.9 9.52795383702e-08
0.95 9.34674339037e-08
1.0 9.14616218317e-08
1.05 8.92712335165e-08
1.1 8.6907468333e-08
1.15 8.43834712105e-08
1.2 8.17144538701e-08
1.25 7.89175141902e-08
1.3 7.60114262643e-08
1.35 7.30164863016e-08
1.4 6.99541218285e-08
1.45 6.70394132429e-08
1.5 6.41270249124e-08
1.55 6.11966309849e-08
1.6 5.87817481357e-08
1.65 5.74124473518e-08
1.7 5.59963690971e-08
1.75 5.45295321119e-08
1.8 5.30077752803e-08
1.85 5.14266538243e-08
1.9 4.97816481371e-08
1.95 4.80981179329e-08
2.0 4.63634868275e-08
-0.619179208232 -0.619179208232